0.688010217477942,0.7257009994797823,0.028844809603531606,0.9995839019106579,-0.21596167265453933,0.9764018414281354,-0.7071067811865476,0.7071067811865476,-0.2966126057677188,0.9549978859137248,-0.5606288093051837,0.8280672304692728,-0.9238795325112867,0.3826834323650898,-0.7237282464487099,0.690085085545453,-0.99499255633474,-0.0999490512134017,-0.6511308684688735,-0.7589654749242356,-0.9503696638297399,-0.31112296937408407,-0.9418622570240437,-0.3359992392752912,-0.3289562944449534,-0.9443451468319436,-0.3536680255797148,-0.9353710107131535,-0.7425965092449281,-0.6697390719207349,0.2400918791552944,-0.970750168459259,0.9092908968933133,-0.4161611044138481,0.2705958882522266,-0.9626930275331741,0.8348167183124503,-0.5505279709751641,0.9666193697005019,-0.2562166936790117,0.9948072990386787,-0.10177641072158548,0.932721843154738,0.36059667677618457,0.9990014824688764,0.04467704136340444,0.9809734630133485,0.19414186787913223
0.41079067251824175,-0.9117296876662571,0.6172008217631567,-0.7868056593688711,0.7763825102609333,-0.6302620072326522,0.9938882802095222,0.11039060857771454,0.7939676557317725,0.6079600000425962,0.20461796553541145,0.9788419117406799,-0.5193846856167175,0.8545405480998683,-0.6815258274880608,0.7317940601471933,-0.874353153435638,0.48529018440223526,-0.9212610352350121,-0.38894486107636617,-0.241830772271596,-0.9703184413286824,0.041832428160905794,-0.9991246408502609
0.7265180103788814,-0.687147422752288,0.9956032174956753,-0.09367087761016789,0.7085763373264047,0.7056341645506524,0.650620092062521,0.7594033814808548,0.16824053080605825,0.9857459732578651,-0.455100496462446,0.8904400811506832,-0.8453711119478533,0.53417944839169,-0.9988732333469429,-0.04745802042883705,-1.0,0.0,-0.9032366664286375,-0.4291427785934212,-0.15760783302236275,-0.9875017827680085,0.5179171897789238,-0.8554307596360458
-0.6008397962502656,-0.7993694635410707,0.9973121462622466,0.07326993188062264,-0.5250196826014465,0.8510900850562627
-0.6376617668390759,0.7703164746464065,-0.21711846838708,-0.9761452610576198,0.9597078828964932,0.2809996076622366
-0.8790494543240858,-0.4767305914796395,-0.4081697811757837,-0.9129060355452323,0.20106587226819733,-0.9795777228015289,0.5904895143096722,-0.807045310679845,0.5053459338496529,-0.8629168483357028,0.788480588182215,-0.6150596410591646,0.8980305179511392,0.4399331640470048,0.6779321983922674,0.735124434625205,0.9999354568033235,-0.011361435980044115,0.9419742426939283,-0.33568515919116876,0.5770518307485449,0.8167075269824277,-0.5465400876313088,0.8374329421583325,-0.4381575514605568,0.8988981922876971,0.4192454796418257,0.9078729139036451,-0.1706723299266206,0.9853278417853718,-0.32013592340724883,0.9473716221970069,-0.39203744835484466,0.919949258974332,-0.9703463898784909,-0.24171860426905475,-0.8972220004680757,0.4415797570949834,-0.9732489894677302,0.22975292054736127,-0.9913030296100849,-0.13159902539862084,-0.957422960180285,-0.28868889019084254,-0.46836483476970014,-0.8835351614684905,-0.8941042935174007,-0.44785880845836845
0.7655760031999604,0.6433454618821635,0.75910524507332,0.650967915416862,-0.3846651116603031,0.923056201902878,-0.9907511812060359,0.13569118224425886,-0.9777515039770812,0.20976652848001223,-0.8879688482694026,0.4599036034900258,-0.7115720442576016,-0.7026131409467503,-0.46920491398386843,-0.8830893209032655,-0.37838517713092484,-0.9256482364956996,0.6946271738997736,-0.7193699251984432,0.990326013048732,0.13876018117241987,0.5077562384656703,0.8615007848511765
-0.8694531524223442,-0.494015400309391,-0.10411078597788462,-0.9945657063477843,0.14869598393710898,-0.9888829578676007,0.4767305914796395,-0.8790494543240859,0.8913617016803087,-0.45329274953123205,0.998758526924799,0.04981370188015979,0.6511308684688735,0.7589654749242356,0.3777110231423468,0.9259235297781138,-0.5579888496585217,0.8298484461977137,-0.6539116224241676,0.7565709418544919,-0.32545459448945324,0.945557669804283,-0.9365954227496095,0.35041263402520234
0.7697844144629314,0.6383039677535788,0.03773895571212525,0.9992876318767075,-0.8320404914263806,0.554714900310914,-0.6474995876019763,-0.762065800344872,0.010414971720747039,-0.9999457627111863,0.7557080189670596,-0.6549086883443235
-0.6184046748282783,0.7858598209289818,-0.9258004210256408,0.3780126723123796,-0.9359169569561561,-0.3522207399940109,-0.8249645095092027,-0.5651845345108452,-0.27641397651988314,-0.9610386639383793,0.16018224300696723,-0.9870874576374967,0.22975292054736118,-0.9732489894677302,0.7337221881900319,-0.6794495938313831,0.9559376548260926,0.293569753356149,0.7071067811865475,0.7071067811865475,0.654564532783258,0.7560061325295154,-0.14993263099322088,0.9886962153075385
-0.9947979244731195,0.1018680001962015,-0.5941019067308557,-0.8043897838851272,0.25939710341373684,-0.9657707506134999,0.8835785355035211,-0.468283003746082,0.8642943386397736,0.5029863777432112,-0.23780207617788937,0.971313632440874
0.9982966465941853,0.0583421408486548,-0.08502156946583864,0.9963791109440048,-0.8717710993287925,0.48991341109941944,-0.996172610926811,-0.08740783282555599,-0.26088930135819516,-0.9653687235646454,0.6292548256395947,-0.7771990507001943
0.9412800515892396,-0.33762681244261156,-0.39703479257710034,0.9178035593106288,-0.7584613359295223,-0.65171803864862
-0.3090984014525636,0.951030061680213,-0.3247951311297514,0.9457843955122158,-0.8681370303454022,0.49632458788887956,-0.9941777503056737,0.10775249786965323,-0.7365165828430036,-0.6764194875942481,-0.15038327363955892,-0.9886277717166606,0.2513611581422376,-0.967893366119116,0.32630054003073106,-0.9452660776604931,0.8460069436192604,-0.5331718778667884,0.9722324433584818,0.23401725594749703,0.9167394115326549,0.39948573359102757,0.0,1.0
-0.7878179868752268,0.6159081259050454,-0.9938013701771868,0.1111703046408798,-0.8719306851546229,-0.48962932947872906,-0.35826376718336567,-0.9336204116896669,-0.5606288093051839,-0.8280672304692729,0.39822373173505937,-0.9172883186234324,0.9270329052472713,-0.37497998958451595,0.9941908390744716,-0.1076316658813662,0.625843395265541,0.7799487448560319,0.3599042075962059,0.9329892611142676,-0.1933075944876786,0.9811382032687278,-0.4811417980705354,0.8766427836635925
-0.9941850729688506,-0.10768491391982923,0.6603553257321034,-0.7509532900102692,0.26941109263760393,0.9630252661087415
-0.9494993491924577,-0.3137690008319801,0.672557730431417,-0.7400446602989185,0.311319573505399,0.9503052789248392
-0.8141782419418645,0.5806150104401837,-0.9140228513379157,-0.40566270130751036,0.02778657999455842,-0.9996138784411739,0.8811394517286688,-0.47285649684370523,0.9146149025931609,0.4043260812197286,0.10045606164464321,0.9949414956060721
-0.7419063078617417,0.670503564759322,-0.8875108511128439,-0.4607868153028637,-0.005700976326357859,-0.9999837493024205,0.9454216477634985,-0.325849517323797,0.921199926657476,0.38908957211195067,0.4687866506421603,0.8833114264967397
-0.7671315298906902,-0.6414898407984096,0.20336146224452847,-0.9791037308037219,0.9214597016745507,-0.3884739607616553,0.9165457547152457,0.3999298432393621,0.2186805854729431,0.9757964959648148,-0.8581051081050232,0.5134740728060828
0.9999807126669253,-0.006210820730613438,0.7411678324981723,0.6713197778033663,0.45172502844524354,0.8921572163448234,-0.05108111876685795,0.9986945074974259,-0.3310840593485244,0.9436012641181141,-0.8449035501735442,0.5349186769071923,-0.9311634291138421,-0.36460206839916687,-0.8159200395949023,-0.5781647593787199,-0.6945377892709916,-0.7194562247104154,0.17057629326530388,-0.9853444718350375,0.5550234563816562,-0.8318346968395581,0.5782540511181884,-0.8158567597105533
0.7615845839815054,0.6480655224911424,-0.1916016448817364,0.9814727758214249,-0.9716659526949817,0.23635836429742346,-0.777313963123438,-0.6291128696293967,0.21767298400004909,-0.9760217579729021,0.9825012223653811,-0.1862561356050643
0.49269881498359297,0.8701999067534789,0.3162277660168379,0.9486832980505138,0.343957638838626,0.9389851663815341,0.11902184009259187,0.9928916363737653,-0.652302536586632,0.7579587065023038,-0.18616378530678532,0.9825187250328867,-0.38495781622772296,0.9229341686844099,-0.9870874576374967,-0.16018224300696715,-0.72372824644871,-0.6900850855454531,-0.9812630928020313,-0.19267263091729467,-0.8534649040800176,-0.5211503214080233,-0.8649100931185951,-0.5019268181932333,-0.656189991646365,-0.7545957161706812,0.23700896937270136,-0.971507461853428,-0.0515179879918109,-0.998672066753284,-0.404553584833757,-0.9145142956773045,-0.3214736955877745,-0.9469185091892222,0.45539373945896244,-0.8902901448750191,0.9868375383349529,-0.16171478885065013,0.984353505913677,-0.17620492443587615,0.9461540710093794,-0.3237166568349212,0.9917772933502714,-0.12797578050088104,0.9553290692870787,0.29554419191566617,0.3469462477349362,0.9378850149046248
-0.997244553626834,0.07418423189341977,0.4330555807151716,-0.9013672192904763,0.48664431846252165,0.8736001987798238
-0.04786966815179976,-0.9988535903079272,0.8732431869320846,-0.48728465651680053,0.8706167821720054,0.4919618060382968,0.02718347421823352,0.9996304610852085,-0.7891924152188898,0.6141460182733217,-0.9423154268428857,-0.3347262110052188
-0.8521139564662652,0.5233562889613614,-0.9978045652036862,-0.06622725767146535,-0.9458731990537438,-0.3245364252465921,-0.9721848712909278,-0.23421480745896953,-0.7195709399815856,-0.6944189386343212,-0.5535194285862548,-0.8328362637262776,-0.6900850855454531,-0.72372824644871,-0.3245364252465921,-0.9458731990537438,0.2297529205473612,-0.9732489894677301,0.5531469063195903,-0.8330837293028032,0.6483700953835623,-0.761325304592137,0.6522458183057769,-0.758007514806171,0.4839329327869787,-0.8751050888688704,0.960850338060126,0.27706791198141617,0.9921478919948431,0.1250702219162864,0.9636517067061345,0.26716172660460547,0.7050482766346305,0.7091593104617168,0.9309973473777496,0.3650259431541733,0.3913160812990941,0.9202563363089226,0.3801577712497324,0.9249216555786961,-0.2490504539764304,0.9684905117625747,-0.47983458183395467,0.8773589767456841,-0.16391998107817968,0.9864736386763354,-0.42462455644237174,0.9053695301180171
0.36356525470916357,-0.9315687336789815,0.6863837575627167,-0.7272395323097375,0.7590059767442869,-0.6510836561198959,0.9958185343823435,-0.0913534158124446,0.8660737455814908,0.49991626020209345,0.07899306244767991,0.9968751657480173,-0.28756789931968657,0.9577602535503666,-0.8567052353111404,0.5158063006502378,-0.9944351195722648,-0.10535080902060155,-0.9143816930096196,0.4048532073342903,-0.9989257398167509,-0.046339684197853906,-0.5377831066492358,-0.8430832285146564
0.22381453572523,0.9746317528164675,-0.025072853575029797,0.9996856265914826,-0.16548661988800806,0.9862120353342084,-0.514112209937083,0.8577229363807456,-0.54555150441651,0.8380772971682758,-0.8338983284977476,0.5519180896914528,-0.9914347051982804,0.13060331285384283,-0.8859069205007312,0.4638630489798806,-0.998432131465311,0.055975698813290516,-0.5913198637713452,-0.8064371139211277,-0.9238795325112867,-0.3826834323650898,-0.7370989134318549,-0.675784870959375,-0.40144674873764075,-0.915882365769741,-0.12382631391347436,-0.9923039070680927,-0.24160208639185785,-0.9703754076908077,-0.15435049836790898,-0.9880161555630446,0.7928359100260934,-0.6094351645360615,0.9732489894677302,-0.22975292054736118,0.9705122143350545,-0.24105194839799388,0.8618709100493623,-0.5071277298774777,0.8849670608132338,-0.4656536280064681,0.9798676742241655,0.19964804284170812,0.8252978480108351,0.5646976731567829,0.8690623551148203,0.49470256005228225
0.9468369452471046,0.32171384663258024,0.9762285812760253,0.2167435283919656,0.5294006221425893,0.8483719592696586,-0.561832117225528,0.8272512750391386,-0.6672078905260709,0.7448715532356909,-0.6723641494884661,0.7402205417864675,-0.9876512401213416,-0.1566685287055951,-0.8318288793038086,-0.5550321752440754,-0.4575815808579403,-0.88916764271961,0.6296467125344832,-0.7768815980537304,0.6861697995929457,-0.7274414107861723,0.9514679449825227,-0.3077478670449804
0.0801018141579193,0.9967866869940679,0.2116996959579716,0.9773347628787704,-0.5071277298774777,0.8618709100493623,-0.9543311066042696,0.29875096479755536,-0.998758526924799,0.04981370188015976,-0.9013032363068558,0.4331887304891343,-0.9627930193414818,0.270239896956969,-0.9928545560108816,0.11933076136703054,-0.9971958400150364,-0.07483619883923731,-0.5223603820041385,-0.8527248274282218,-0.5619767040950397,-0.8271530596295199,0.12403473458920847,-0.9922778767136677,0.0475651494154495,-0.9988681377244376,-0.5873297384847754,-0.8093477486787773,0.16544888591191986,-0.9862183663623916,0.7456780289295801,-0.6663064438917699,0.9805806756909201,-0.19611613513818402,0.8649100931185951,-0.5019268181932334,0.9805806756909202,0.196116135138184,0.9732489894677302,0.22975292054736127,0.980988811983785,0.1940642954348943,0.21938796811409375,0.9756376988650907,0.7882054380161092,0.6154122094026357,0.6069936549124262,0.7947066772690754
0.8640939796013266,0.5033305021720241,-0.8671037253069205,0.49812762376609937,0.01850900096213865,-0.9998286937687793
0.992507556682903,-0.12218326369570454,0.7135050152828342,0.7006501217913563,0.9582740044262401,0.2858512418040162,0.999995823544766,-0.0028901371983145975,0.5413857477339129,0.840774328907937,0.3404252637530183,0.9402715776831116,-0.003759318801347242,0.9999929337361089,-0.04378298941150016,0.9990410651410644,-0.20636344118017622,0.9784754111086675,-0.9637149282107609,0.2669335818958115,-0.9980676020975904,0.06213744155632879,-0.9212369292976302,0.38900195384891467,-0.9983143640875962,0.05803818102231095,-0.9892612499026183,0.14615806320935404,-0.9994461360815321,0.03327793671031182,-0.24708746132252,-0.968993181842469,-0.62725700760633,-0.778812330673284,-0.7995818125421212,-0.6005571788363337,-0.44626919535908127,-0.8948987681707681,-0.22640328666524853,-0.9740336502334883,0.6622418855255342,-0.7492901207513584,0.7765341206443674,-0.6300752014443031,0.9549978859137248,-0.29661260576771875,0.9795777228015289,-0.20106587226819733
0.9896459247398504,0.14353028825236291,0.9704108747733661,0.2414595910739318,0.6898225662369657,0.7239784714411381,-0.264945986083785,0.9642632547484586,-0.4858930707390747,0.8740182628571056,0.04686985452078142,0.9989010044730162,-0.2084718844514185,0.9780283602193109,-0.6920202841377493,0.7218780550355501,-0.12048939428886933,0.9927146145110897,-0.6600409464958371,0.7512296246480695,-0.9980834371335773,-0.06188257040253414,-0.9728186544046221,0.23156827425703322,-0.9744084861506139,-0.22478456823738752,-0.6831840855421861,-0.7302461949657026,-0.9570920264890529,-0.2897841486884301,-0.4457562863630629,-0.8951543627597485,-0.4472135954999579,-0.8944271909999159,-0.3370445992152532,-0.9414886818968293,0.49369187090367395,-0.8696368992882203,0.33853078504706,-0.9409553164605753,0.2635891203461948,-0.9646350478990069,0.637138370626668,-0.7707494383229835,0.9433173263766985,0.3318921839355628,0.9646940596868822,0.263373064691214
0.6759155516275792,0.7369790818388167,-0.5115382533801076,0.8592605049278298,-0.9849825665607814,-0.1726538258230492,-0.47059871256256375,-0.8823473532200669,0.42406004193239955,-0.9056340766757242,0.9842415277912111,-0.17682933854771626
-0.9894533126251462,0.14485213886969234,-0.4890625034625244,-0.8722487418775496,0.4127750359702642,-0.9108330086682997,0.9092908968933133,-0.41616110441384807,0.6948157036798396,0.7191878321550563,-0.4369504196539941,0.8994855923049565
0.8832185924019468,0.4689615315092738,0.6328085777265713,0.7743082744977442,-0.2857871882713241,0.9582931091372674,0.1954588658771745,0.9807119004835256,0.6079600000425962,0.7939676557317724,-0.30744932409719183,0.9515644555741769,-0.9040850135247277,0.42735265100382036,-0.9417954393612555,0.33618648158178444,-0.9782156072717959,-0.20759148751784462,-0.9580671864783178,0.28654365495247003,-0.9832375115264347,0.1823293611224049,-0.5796288991660764,-0.8148805674769294,-0.4123908913824255,-0.9110069992622496,-0.754584325056197,-0.6562030908030559,-0.10095398167078452,-0.994891096344125,0.0027932633979924435,-0.9999960988321851,0.06783364878977904,-0.9976966453245519,0.4299716888967488,-0.9028423709304286,0.246116403693766,-0.9692402776571181,0.9176576668713594,-0.397371874233964,0.9913666724579433,-0.1311187276466072,0.8688505021871521,-0.49507454473961143,0.9760628807735442,0.2174885118254524,0.3888337156454784,0.9213079515435277
0.85123866968864,-0.5247787412107261,-0.03710040157893191,0.9993115431148997,-0.8406443740160151,-0.5415875150289398
-0.9977049082880917,-0.06771200763417459,-0.5975763040674756,-0.8018120483112336,0.25460806334729497,-0.9670443289108002,0.8275733989348564,-0.5613575236650961,0.9409999340135708,-0.33840674370711826,0.8736001987798239,0.48664431846252176,0.6535790981540452,0.7568582181995152,0.15379037397483034,0.9881034970450626,-0.374547571108723,0.9272076989415888,0.016922749089892983,0.9998568000285044,-0.8489567636601525,0.5284623103265548,-0.9999842205338025,0.005617711580631537
-0.7451280178851305,-0.6669214623646301,0.3269714298344236,-0.9450342237570196,0.9395685479437711,-0.3423608384655489,0.7102507662798432,0.7039487545261341,-0.23519451087987991,0.9719483227270748,-0.8795031284560815,0.4758931046316658
-0.6475469361008489,-0.7620255675148985,0.2630235487824426,-0.9647894136991191,0.9719970249919742,-0.23499315608492022,0.7292960848308379,0.6841982319842778,-0.3050854025734136,0.9523249955433377,-0.9967691387467106,0.0803198857204176
-0.8115258376691736,0.5843165364726092,-0.9683179939626291,-0.249720368749107,-0.5017593203924764,-0.8650072741886511,0.6398227172446912,-0.7685225374038293,0.9970060209393132,-0.07732395625391646,0.5670607363779664,0.8236759807463604
0.6857255113552976,-0.7278602359495371,0.20349539686604584,0.979075902805462,-0.9615485332027579,-0.27463506384951036
-0.6034837256687965,0.7973753149257311,-0.4045656911564694,-0.9145089401088916,0.9969866358144256,0.07757350067796387
-0.3955936157192375,-0.9184256590504103,-0.2255008560492534,-0.9742429696544153,0.025515326979267873,-0.999674431046999,0.23144959752183916,-0.9728468963855406,0.7761140001162655,-0.6305926250944657,0.8307994331536225,-0.5565719197656487,0.9605958835615972,-0.2779488234990651,0.9092908968933133,-0.4161611044138481,0.9894380017450108,0.14495668560932182,0.7572054500402873,0.6531767803813038,0.9423677626373542,0.33457883965048835,0.6010466037641852,0.7992139764190431,0.3757787303531719,0.9267094182181156,-0.07880258138185008,0.9968902412841429,-0.21944892218380807,0.9756239903530279,-0.4129855734707364,0.9107375670878229,-0.9986720667532839,-0.0515179879918109,-0.6794495938313831,0.7337221881900319,-0.9423677626373542,0.3345788396504882,-0.9999074930586148,-0.013601666266905102,-0.9799015274767804,-0.1994818198449986,-0.9187807276001586,-0.3947682542841093,-0.983121449615226,-0.18295413443389694,-0.08108661905496835,-0.9967070583728372
0.3324972468534731,0.9431042258599315,0.24160208639185785,0.9703754076908077,-0.20660395163072023,0.978424655847639,-0.8215492199952241,0.5701375966599983,-0.5005175097501855,0.8657264131545674,-0.8822018514917171,0.4708714189931115,-0.9798020154576077,0.19997002401662545,-0.9980676020975902,0.0621374415563288,-0.5941019067308557,-0.8043897838851272,-0.7376522850319183,-0.6751807953335089,-0.8553944468676042,-0.5179771619174589,-0.3348793225184979,-0.9422610250612894,-0.25666793515702424,-0.9664996487646695,0.16131152662506973,-0.9869035370176203,0.222074490553217,-0.9750297024427148,0.5409984152847845,-0.8410236112377296,0.64962967394008,-0.760250805153474,0.3310069414355005,-0.9436283191604178,0.8202759775914921,-0.5719679366768052,0.9911518100769761,0.1327331510254086,0.6370445893660163,0.7708269527977624,0.9164212766904836,0.4002149967567235,0.7071067811865475,0.7071067811865475,0.34741964353908467,0.937709758551747
-0.635651720340151,0.7719759649293536,-0.36492984436530024,-0.9310350201208962,0.9852937496363631,0.1708690344313912
-0.3806999908409431,-0.9246986087227048,-0.6950939750516979,-0.7189188868341335,0.12403473458920847,-0.9922778767136677,0.3745654411331824,-0.9272004801059501,-0.29816757734218974,-0.9545135388363484,-0.4035657542326081,-0.9149506445763433,0.48742412373277827,-0.8731653472300268,0.9832742290580619,0.1821312451785085,0.9398192595334923,-0.34167200559881716,0.7337221881900319,-0.679449593831383,0.9576887074256701,0.2878060799728687,0.4135068270540983,0.9105010181101677,0.7451280178851305,0.6669214623646301,0.5347493128845308,0.8450107528129582,-0.2633730646912139,0.964694059686882,0.3404252637530183,0.9402715776831116,-0.14253858850979514,0.9897892456405227,-0.957887416244319,0.2871440366798219,-0.9071775574456672,0.4207479997182555,-0.4417517623905465,0.8971373252879663,-0.9186491611416758,0.3950743205191841,-0.9882384929002003,-0.1529205059837985,-0.9788149301329105,0.20474699643439323,-0.7055877670544095,-0.7086225391441994
0.928428594723799,-0.3715108941864178,-0.3177724272722864,0.9481670129599951,-0.703838664328193,-0.7103598627433179
0.9999392942181938,-0.01101852433042702,-0.5234049933203485,0.8520840410237278,-0.5327619283486164,-0.8462651639422857
0.9969919034633575,-0.07750577029170766,0.40385771559917905,0.9148218108194691,-0.24199293201980787,0.9702780121452081,-0.8513558245092046,0.5245886579733237,-0.802853940647376,-0.5961757710499309,0.20134462838503128,-0.9795204646256727
-0.848277668646381,0.5295516942432161,-0.8696956706302552,-0.4935883309874643,-0.24281761925947012,-0.9700719580408265,0.7431468445359277,-0.669128363960379,0.939203617193518,0.34336069293180854,0.23383888244377693,0.9722753607170376
-0.9268873240014597,-0.37533969761459174,-0.8738886833510726,-0.4861260835533602,-0.3734577003583914,-0.9276472099041865,0.139535100520368,-0.990217125545085,0.6469355818732643,-0.7625446563358116,0.9774504400949406,-0.2111649524855079,0.9824564411024335,0.1864922018110697,0.5709203123491297,0.8210054792430878,0.4182266904779745,0.9083426860892537,0.07201480146521458,0.9974035634435671,-0.6775265468122066,0.7354983197565628,-0.992822026443358,0.11960110287494863
0.12306076358726427,0.9923991376786456,-0.5799703117688473,0.8146376111294802,-0.4936407071989015,0.8696659428747158,-0.7219895710352731,0.6919039379251302,-0.9995347560990949,-0.030500349996725663,-0.49776779413998107,-0.8673103384123916,-0.14127475824812882,-0.9899704251551825,0.40549527688272496,-0.914097139491095,0.9140518815503352,-0.4055972852895986,0.9276596116807694,-0.3734268935900095,0.9988546188540081,0.04784820157554891,0.8558927977015155,0.5171532837009474
-0.8499386226862071,0.5268817112657008,-0.9129060355452322,-0.40816978117578373,-0.32299347996100475,-0.946401189719603,0.634622134250651,-0.7728225842450186,0.9816560196932941,0.19066058585853332,0.22715449031528154,0.9738587359209777
-0.46577502938223314,-0.884903170976339,0.5971201034812977,-0.8021518447391892,0.9891683443174626,0.14678551222872674,0.425779081712829,0.9048271512149599,-0.7207859628349763,0.6931576990700284,-0.9643924741710742,-0.2644752460291772
-0.6601208583758836,-0.7511594054107867,0.07311287235980492,-0.997323672583429,0.99817337156427,-0.06041457026262617,0.698838490729881,0.7152795005271588,0.023470518747500543,0.999724529432845,-0.99456469329366,0.10412046318417896
-0.6803980139297144,-0.732842781666368,0.28983596699798914,-0.9570763356359515,0.9874451888028496,-0.15796201793502362,0.6236126190245422,0.7817335232631073,-0.17249734664666863,0.985009982385894,-0.9379008533285501,0.346903429394374
-0.8784222441847868,-0.477885301009942,-0.9486832980505139,-0.316227766016838,-0.3361864815817844,-0.9417954393612556,0.6243953589535066,-0.7811084660386941,0.0925413774094543,-0.9957088397052428,-0.0681484423724803,-0.9976751925362306,0.9129060355452322,-0.4081697811757837,0.9983686872909967,-0.057096096511513615,0.7071067811865476,-0.7071067811865476,0.6483700953835623,-0.7613253045921371,0.9145142956773045,0.40455358483375703,0.8983152602274217,0.439351446159609,0.9436283191604177,0.33100694143550047,0.6724876154019298,0.7401083752606953,0.791989046414041,0.6105352982098399,-0.3214736955877745,0.9469185091892222,-0.32147369558777433,0.9469185091892222,-0.4241553962497236,0.9055894212236801,-0.6621601586781062,0.7493623451037458,-0.21902731826951505,0.9757187268120175,-0.9813346914070198,0.19230762710066654,-0.999551110615605,0.02995959390763926,-0.9975983398556478,-0.0692643654215887,-0.7643964367250279,-0.6447465296704437
-0.38728256020906765,0.9219610721488786,-0.8840150155574817,0.4674585032587443,-0.9533641537473407,0.3018224483858295,-0.9426010550671756,-0.3339210250736652,-0.6101538769076852,-0.7922829333606279,-0.45717644573332017,-0.8893760157923355,0.605008160700426,-0.7962192697278103,0.8358932875447385,-0.5488919855833653,0.7231461305447224,-0.6906950657693998,0.965253030331774,0.2613170247713059,0.5005175097501855,0.8657264131545674,0.2615457864988417,0.9651910699777025
-0.4897179375839321,0.8718809216908808,-0.46729341696888876,-0.8841022918517631,0.9955956071206983,-0.09375173108784814
-0.12534344810193362,0.9921134108648657,-0.35220954061787824,0.935921171625978,-0.2931815574889036,0.956056784060644,-0.9230868974043145,0.38459144535529716,-0.9522257766703941,-0.30539494141924584,-0.643808274933503,-0.7651868432789125,0.03108327350474065,-0.9995167983121792,0.3767914456302796,-0.9262981196676608,0.5583564956939512,-0.8296011232612759,0.8392185697284508,-0.5437942554155325,0.9522263612662227,0.3053931186351275,0.5237514488314493,0.8518711286614647
0.623168855708005,-0.7820873207485054,0.32615605903711614,0.9453159393310668,-0.9967423599822441,-0.08065152085997024
-0.8885224071264258,0.4588332289996681,-0.6836073016596714,-0.7298500237155459,-0.16018224300696723,-0.9870874576374968,0.7179530116722281,-0.6960915694294662,0.9106228046388573,0.41323856024294453,0.2568028056163883,0.9664638218927553
0.6669214623646301,0.7451280178851304,0.5096397492518898,0.860387892745168,0.24471901568511065,0.969594040494325,-0.268577750771922,0.963258008941683,-0.4144125492649785,0.910089137948422,-0.5742151464781884,0.8187044433463352,-0.896635517564666,0.44276940797840103,-0.9975474415159953,0.06999358488384545,-0.8538996232564471,-0.5204377324930406,-0.995939826844975,0.09002144913297848,-0.9933391211614223,0.11522755907443777,-0.7471141160696546,-0.6646957932539206,-0.36936540782455296,-0.9292842382729848,-0.42519284233354926,-0.9051027824663439,-0.5630937108525086,-0.8263930498245684,0.5297002461274671,-0.8481849145395719,0.5619767040950397,-0.8271530596295199,0.5531469063195903,-0.8330837293028033,0.9994763916250742,-0.0323564921479677,0.8956524106410454,0.44475471814572604,0.9687136854280832,0.2481809736147002,0.9628599471404029,-0.2700013373907262,0.9739757401331973,0.22665228353579525,0.6794495938313831,0.7337221881900319
0.6015366053367652,0.7988452368512443,-0.27315112293276966,0.9619711347231614,-0.057540336657333456,0.9983431823062452,-0.613468967654702,0.7897188270040635,-0.9877804974190818,0.1558514963627597,-0.9975882871762184,-0.06940900005632245,-0.7370356522354903,-0.6758538653686946,-0.07744507154499448,-0.9969966203018898,0.24878111998637778,-0.9685597319413622,0.23892306786897394,-0.9710384995663548,0.8473818106111444,-0.5309840553588955,0.9959593139531121,0.08980559531591706
-0.9153370055995358,0.4026886715318368,-0.9736143407220981,-0.2281997273010517,-0.3311352010245933,-0.9435833183362252,0.7128912072204832,-0.7012746442498276,0.9360392258641823,0.35189567721639076,-0.15397751041846305,0.9880743526098288
-0.9689317790157523,0.24732813752860636,-0.8479983040050879,0.5299989400031799,-0.4166652214649659,0.9090600052920329,-0.9847226309525303,0.17413023887288165,-0.6300752014443031,-0.7765341206443674,-0.9264100571843951,-0.3765161430106361,-0.9149506445763433,-0.403565754232608,0.029373685715313874,-0.9995685001977093,0.3439576388386261,-0.9389851663815341,-0.4757891534163517,-0.8795593678037609,-0.38268343236508967,-0.9238795325112867,0.07371710613110756,-0.997279192735743,0.6206645277032418,-0.7840762361217892,0.7893057431894329,-0.6140003613746305,0.9040850135247277,-0.42735265100382036,0.8320502943378437,0.5547001962252293,0.9970390923527469,-0.07689634790034235,0.9833747594002719,0.18158767186804647,0.8,0.6000000000000001,0.867316003563745,0.4977579230531782,0.377964964894214,0.9258198989611941,0.3214736955877745,0.9469185091892222,0.040441018071533226,0.9991819274072855,-0.6253861081805967,0.7803154590899293
0.9944269964697341,-0.10542745701278868,0.3269186617491439,0.9450524792836369,-0.6879117710537442,0.7257943202076611,-0.9740594272006243,-0.22629236019271928,-0.3234782004912284,-0.9462356227742416,0.4153730020007067,-0.9096511799634632
0.35079411473694155,-0.9364526090870404,0.6602635965197343,0.7510339427155243,-0.9920354356251433,0.12595909837733904
0.8458660868970248,0.5333953159126118,0.9790480213588184,0.20362949657007576,0.48120915816661297,0.8766058099833582,0.324536425246592,0.9458731990537438,0.6176745987204723,0.7864337798540343,-0.2634052972969846,0.9646852592197557,-0.4000377709581803,0.9164986534669926,-0.7460535763370154,0.665885922087822,-0.879085124609836,0.47666481272452754,-0.7358822867326472,0.6771094889847061,-0.9436283191604178,-0.3310069414355005,-0.8784222441847868,-0.47788530100994203,-0.6463748961301958,-0.7630199824727257,-0.7142121180093577,-0.6999293182090511,-0.6129260971863428,-0.7901402403294733,-0.5371752668677497,-0.8434706471867068,-0.4655486962246457,-0.8850222660721777,-0.05823835516515013,-0.9983027065913713,0.3113836185485926,-0.9502842954082661,0.6638073401709402,-0.7479036135326407,0.6175203034701858,-0.786554940739736,0.9856445438348679,-0.16883374428281583,0.9238795325112867,0.3826834323650898,0.6427342631643937,0.7660892030008801
0.8630216733122664,-0.5051668945935547,-0.04581615950253129,0.99894988839703,-0.9161966876141507,-0.4007288729363762
0.9978670541107089,0.06527895771545153,0.8701150335649216,0.49284868708794916,0.5479497015182145,0.8365112818163899,0.11290714286590939,0.9936055440112325,-0.07473474743887322,0.9972034484122324,-0.4049753656007201,0.9143275962457674,-0.9299293532683236,0.36773821929459205,-0.9777324545025359,-0.20985530113019968,-0.7797701558171938,-0.6260658943728123,-0.1896488984898949,-0.9818519721941641,0.3742697587164336,-0.9273198734580979,0.8275670099446789,-0.5613669424282335
-0.5907528358427999,-0.8068525806761047,0.999998345856388,0.0018188690133796304,-0.5588652377819233,0.8292584916652673
0.899360434930056,0.4372079689145892,-0.8688874164449755,0.4950097549983998,0.08122272225605641,-0.9966959764087119
0.029810939341121764,-0.999555555182202,0.7967003437774866,-0.6043745214888154,0.9256538232885798,0.3783715098038365,0.13678548375410265,0.9906006922237417,-0.8526211882831916,0.5225295295871404,-0.7935149728173833,-0.6085507274785131
-0.9934612160325917,-0.11417010221176185,-0.8296670310733498,-0.5582585579728566,-0.8633781714697146,-0.5045573634678341,-0.7329932656374579,-0.6802358947674952,-0.7944658079951777,-0.6073088834576432,0.30455979555872714,-0.9524932183114094,0.6655802318852027,-0.7463263059303483,0.6602327609177704,-0.7510610503886473,0.5918342712465953,-0.8060596723431904,0.563737816462355,-0.8259537967043048,0.9951333266680702,0.09853761796664219,0.9974842088126424,0.07088902009067927,0.9942986213421205,0.10663138185899254,0.7021450539972344,0.7120339339857482,0.733231774226502,0.679978797658174,0.3970670839643797,0.9177895896293573,0.11877582763224374,0.9929210959438195,0.5785247736008936,0.8156648124873568,-0.048844011301387304,0.9988064189621481,-0.8850222660721778,0.4655486962246456,-0.5847102846637651,0.8112421851755608,-0.43124167554527193,0.9022364530836173,-0.9867931522350921,0.16198541509015696,-0.9434408764523168,0.331540815947123
0.6267931651925741,-0.7791856826635578,0.7771471129435629,-0.6293189690796593,0.8763294262123535,-0.48171229666090853,0.9996053504040436,0.02809169705819082,0.8909728314865826,0.4540566193249271,0.9878918356421247,0.1551441944503027,0.44099196274232716,0.8975110521863615,0.31991871334170074,0.9474449941045605,0.24370108381899533,0.9698503914240829,-0.604381981063676,0.7966946849110683,0.05709609651151364,0.9983686872909966,0.0039576906525345176,0.9999921683116817,-0.9592859632347719,0.2824366136688652,-0.906073025881287,-0.4231213440259527,-0.9527610258441561,0.3037209700241182,-0.5400672594718118,0.8416218600099494,-0.9931040974931112,-0.11723587992757606,-0.7132815574463357,-0.7008776068665126,-0.7554539549957064,-0.6552017413601289,-0.7919890464140409,-0.6105352982098399,-0.6479941152529902,-0.7616453417421356,0.3787983105753089,-0.9254792487707608,0.1384867577487392,-0.9903642854668386,0.04686687573199402,-0.9989011442375676
0.900743962866249,0.43435044993646016,-0.8734744795071531,0.48686993504395804,-0.251476943447191,-0.967863289372243
-0.4438224784399411,-0.8961147290561785,-0.003717395060749425,-0.9999930904631104,-0.14842235266524642,-0.9889240644403964,0.679449593831383,-0.7337221881900318,0.8766058099833584,-0.481209158166613,0.999136066370562,0.04155864383687441,0.9763177211928868,0.21634164482301652,0.8994343863673361,0.43705581407872124,0.2595922821686131,0.9657183062562763,0.4733566832482428,0.8808708477547788,0.8222759816259511,0.5690889298177207,0.3937577177264939,0.9192142621450249,-0.7278113216982185,0.6857774274557981,-0.9412572006675566,0.337690512439238,-0.40622375563558727,0.9137736373726912,-0.15647033467889665,0.9876826587348155,-0.7827335204815896,0.6223570003739791,-0.9771850844230473,0.21238952606266168,-0.9835953110790858,-0.18038920151504792,-0.9981718342094724,0.0604399651794857,-0.9180427419399843,-0.3964814295415556,0.04839041584235016,-0.9988284976183871,0.3357587470292908,-0.9419480154410437,-0.5257311121191337,-0.8506508083520399
-0.11274454087573078,0.9936240076118937,-0.4892959155607865,0.8721178286307026,-0.714775102271737,0.6993543831080404,-0.85406252368962,0.5201703621208317,-0.45806528203851266,0.8889185549818261,-0.9970367550435146,0.07692664747861219,-0.5130698274615795,-0.8583468716949723,-0.8779070407463635,-0.4788311057230542,-0.9819041096240142,0.18937877257885002,-0.5211503214080234,-0.8534649040800178,-0.33457883965048846,-0.9423677626373541,-0.20653497997341566,-0.9784392173494381,-0.07139126882295083,-0.9974483880060407,0.42338579561923756,-0.9059494842803683,0.841486260842301,-0.5402785141143805,0.9128301611940843,-0.4083394382304777,0.9919927653011056,-0.12629470927265898,0.7438189039121906,-0.6683812072334675,0.9464114348371557,0.32296345924806413,0.8468921745836451,0.531764651541436,0.8975110521863615,0.44099196274232716,0.5132608313728931,0.8582326718194819,0.0065569541532658395,0.9999785029450543,0.1815114318564457,0.983388834645494
-0.45741733818037905,0.8892521457561836,-0.849603710751536,0.5274215910229886,-0.9817294795454592,-0.19028197232371172,-0.6360543769591465,-0.7716442376841235,-0.5480571287375262,-0.8364409026583879,-0.039904394895017514,-0.9992035024298416,0.64962967394008,-0.7602508051534741,0.975226697141656,-0.22120779638651242,0.9649167221421768,0.26255612605764334,0.8899429737696744,0.45607181828960736,0.5090864735525403,0.8607153783021649,0.011324681747022655,0.9999358737355755
0.6070070984544438,-0.7946964089675485,0.3670302214018439,0.9302090176824311,-0.9805227541433763,-0.19640552081621385
0.21429313351267792,-0.9767693959831654,0.9901232415817071,-0.14019973780193942,0.5714473421692421,0.8206387360633846,-0.33487932251849784,0.9422610250612894,-0.9788419117406799,0.20461796553541145,-0.7167899679642287,-0.6972891378946326
-0.9630074001461086,0.26947494737699207,0.2953436675898205,-0.9553910811885327,0.7047341593729943,0.7094714684980918
0.9951821416838378,0.09804338260979069,-0.4098269782692734,0.9121632791790495,-0.6162668681111294,-0.7875373942032846
-0.9965926760297166,-0.08248053154489333,0.5691060130585123,-0.8222641582244992,0.551619683021768,0.8340957530781248
0.9833895965599957,-0.18150730392347558,0.9996990598818543,-0.024531401740149138,0.8222924536946269,-0.5690651286073237,0.9574229601802849,-0.2886888901908424,0.9961483990969018,0.08768333351715041,0.9714592422712822,-0.23720653575672485,0.976537026672855,0.21534956590840795,0.13156749934847775,0.9913072142959459,0.14989306719919177,0.9887022142210559,0.7384225572267272,0.6743382882342812,-0.11528840285654063,0.9933320613806785,-0.6318018199283352,0.7751299635127283,-0.5466253495942333,0.8373772908199638,-0.9064193528448279,0.4223789255968666,-0.9194720690554751,0.3931553309149498,-0.9931966481264843,-0.11644920845723486,-0.9284766908852593,-0.37139067635410367,-0.9928916363737654,-0.11902184009259202,-0.6154122094026356,-0.7882054380161092,-0.8066134510210117,-0.5910793014748308,-0.6278805132770647,-0.7783097462109348,0.2879980342333716,-0.9576310000609388,-0.17633597779094878,-0.9843300376075648,0.19848930448677995,-0.9801030537674875
-0.9742912771727297,0.2252920487392558,-0.7057912416457721,-0.7084198777674997,0.04821818352395651,-0.9988368269029982,-0.25666793515702424,-0.9664996487646696,-0.6730814978159524,-0.7395683182085574,-0.20395883507810644,-0.9789794653584832,0.537437677246313,-0.8433034703332412,0.5360407486066359,-0.8441921083694383,0.8932902255850336,-0.4494803364711739,0.9967924821402677,-0.0800296666783275,0.915219664121505,-0.4029552908268107,0.9990597049715505,0.04335557521425053,0.9129060355452323,0.4081697811757837,0.8506508083520399,0.5257311121191336,0.6386358371363976,0.7695091081495349,0.5494311250275279,0.8355390109689583,-0.1108129007207497,0.9938412856356157,-0.5719679366768052,0.8202759775914922,-0.24312070876964426,0.9699960417276691,-0.6082871552778866,0.7937170381968226,-0.7554539549957064,0.6552017413601289,-0.5031870827741994,0.864177504757669,-0.9891120301685852,0.1471645058286136,-0.9959144409530156,-0.09030186211392564
-0.9783733082456182,-0.20684697172674424,-0.7947066772690753,-0.6069936549124263,0.30194291149702757,-0.9533260083500807,-0.0690664671571431,-0.9976120604295196,-0.25170551817358616,-0.9678038706891838,0.13335414704256865,-0.9910684494355316,0.752011976856006,-0.6591494418302438,0.8457524715246372,-0.5335754463147341,0.7990494199477395,-0.6012653528028878,0.9028286962692976,0.43000040138665013,0.9918390124697554,0.1274965620831425,0.9859513632643795,-0.16703265931281747,0.6402564187204361,0.768161257996836,0.5233727487906273,0.8521038468539752,0.7947066772690754,0.6069936549124263,0.09853761796664216,0.9951333266680701,-0.48215553445732384,0.8760856354216592,-0.6358793449089091,0.7717884805555318,-0.5160325650521007,0.8565689650026724,-0.8293128607741117,0.5587845550430494,-0.8547317512464879,0.5190699696679746,-0.6260045543886272,0.7798194008132243,-0.9571821432321864,-0.2894863462711811,-0.7029188431505858,-0.711270061189027
-0.9112927513264454,-0.4117590574351431,-0.1443581126870059,-0.9895255101822518,0.7917516579496411,-0.6108431158112488,0.8308051113230883,0.5565634438223828,-0.010112228649424172,0.999948870108738,-0.7850568158415878,0.6194237611689329
-0.34777306296935107,-0.9375787415854285,0.44168423612663155,-0.8971705721640862,0.9440510989457844,-0.32979921555282204,0.8745916834318558,0.4848601729074399,-0.12440293420937967,0.9922317823775334,-0.9991776252666247,-0.040547172115310656
-0.0640531531502246,0.9979464883306689,-0.946263989438202,0.3233952106826853,-0.6180130108755884,-0.7861678690893503,0.12307415374711521,-0.9923974771629719,0.9148605937632022,-0.40376985273697813,0.7255416871364854,0.6881782183614521
-0.8401431415806868,-0.5423647312048728,-0.7805197861296576,-0.6251310770231422,-0.7204940710107715,-0.6934610974224334,0.024116867154976143,-0.9997091460613078,0.33326480866838853,-0.942833265908253,0.9405125213123071,-0.3397590282167156,0.8280672304692728,-0.5606288093051839,0.5531469063195903,-0.8330837293028032,0.963258008941683,-0.268577750771922,0.963258008941683,-0.268577750771922,0.9368080726252956,-0.34984372949086695,0.9952183408283086,-0.09767524803627875,0.5257311121191336,0.8506508083520399,0.434809070971624,0.9005226659006387,0.5196420902347012,0.85438404599835,-0.7324532880367108,0.6808172888846251,-0.3719169637542954,0.9282660028632882,-0.41924547964182557,0.9078729139036451,-0.9905430798992766,-0.1372020658140944,-0.8099192436649579,0.5865414041149886,-0.8573135860442807,0.5147945368629078,-0.890599595682838,-0.4547882586100541,-0.9007624013597106,-0.43431221062351844,-0.9910848500391776,-0.13323220340000666
-0.2669335818958115,0.9637149282107609,-0.7934508699621389,0.6086343047810606,-0.544086361623754,0.8390292194524726,-0.8944271909999159,0.4472135954999579,-0.9951333266680703,-0.09853761796664216,-0.9951333266680703,-0.09853761796664216,-0.9994461360815321,-0.03327793671031186,-0.9840200084791527,-0.17805792010659904,-0.5969305296404493,-0.8022929282893954,-0.22975292054736118,-0.9732489894677302,-0.034421443730739285,-0.9994074065222308,0.24471901568511065,-0.969594040494325,-0.2903837731736865,-0.9569102697104954,-0.14653706649617373,-0.9892051800019529,0.7264537217271734,-0.6872153884982048,0.9979463213543492,-0.06405575458397007,0.9997361476791585,0.022970307434506995,0.9999489991069205,0.010099464593126646,0.8296011232612758,0.5583564956939512,0.8166148926350638,0.57718291479099,0.9304642521223715,0.3663826899873355,0.1128954789046187,0.9936068693617698,-0.2360538500371727,0.9717399754474588,0.5371752668677497,0.8434706471867068
0.13547818306157322,-0.9907803297978492,0.6135944486860339,-0.7896213349078672,0.8919051439941059,-0.4522225272107233,0.9851429561869566,0.17173629748898206,0.7440775096123975,0.6680933016345939,0.14775153832947152,0.9890245107788151,-0.07132535798108627,0.9974531033130679,-0.5236598643820736,0.8519274302634869,-0.9944667733072261,-0.10505159107749906,-0.9554222729366288,-0.295242748220182,-0.38359079016204883,-0.923503170380511,0.21459529203601826,-0.9767030565304768
0.6011818978885753,0.7991122109260318,0.2700013373907262,0.9628599471404029,-0.02774569150866112,0.9996150141943178,-0.8072185755038555,0.5902526335066423,-0.8210318293475677,0.5708824180145913,-0.7071067811865475,0.7071067811865475,-0.9527610258441561,-0.3037209700241182,-0.9880035150732076,0.1544313899535517,-0.9925075566829029,0.12218326369570437,-0.8649100931185951,-0.5019268181932334,-0.993733232053073,-0.11177774158281,-0.7348805850980815,-0.678196524354041,0.059287927420521185,-0.998240923656298,-0.011625549517209637,-0.9999324210157519,0.22975292054736118,-0.9732489894677302,0.45201567250067926,-0.8920099953552979,0.8289725775996253,-0.5592892503775065,0.9343057381388779,-0.35647270257449826,0.5734623443633283,-0.8192319205190405,0.9980839797058253,0.06187381881362865,0.32723536032325545,0.944942865444313,0.9146432522188003,0.40426194623117334,0.8494085210024181,0.5277358851248268,0.3826834323650898,0.9238795325112868
-0.6007382006897878,-0.7994458169457115,0.9442152195596374,-0.3293290438937113,-0.25754622750333495,0.9662659782372555
-0.620530099278407,-0.784182629168442,0.34466074115717565,-0.9387273158404342,0.9281119606206445,-0.3723012067572482,0.5955680109406296,0.8033048887839673,-0.4168194241156011,0.9089893110922365,-0.9444540018516567,0.32864363433115623
-0.4529646105650081,-0.8915284973435738,0.9941823119850722,0.10771040124341105,-0.4343451268110449,0.9007465297271465
-0.9990176776946158,-0.044313425207906876,-0.9570920264890528,-0.28978414868843005,-0.4104660489637175,-0.9118758811637223,0.44947825702941735,-0.893291271902842,0.8945662931732543,-0.4469352829194215,0.9353488575554377,-0.3537266100673476,0.999916104326264,0.012953158263058779,0.5689818107850131,0.8223501073118478,0.11840866935239143,0.9929649475294665,-0.09967614771621845,0.9950199322508342,-0.9089456910189087,0.41691453653975463,-0.9553849277195738,-0.29536357237524163
