0.46226202038829844,0.886743381428093,-0.148199461502822,0.9889574913060083,-0.82951101598882,0.558490352963411,-0.7711258873571953,-0.6366827042158268,0.24045431142799745,-0.9706604576862538,0.9951611433693528,-0.09825629103422454
-0.7066294904557755,0.7075837499676,-0.7308167545404821,0.6825737112451054,-0.96024238398733,-0.27916762705286763,-0.5975763040674756,-0.8018120483112335,-0.3806999908409431,-0.9246986087227048,0.32099084581268506,-0.9470822967960372,0.5222689241722727,-0.8527808457299784,0.9514933600398588,-0.30766927990954757,0.9934986256783686,0.11384410733627355,0.854815410801149,0.518932185797781,0.2053008005845543,0.9786989226924392,-0.38503899972802824,0.922900302680869
-0.7592566023652966,0.6507913734559685,-0.9194379789578782,0.3932350478401594,-0.9938412856356157,-0.11081290072074969,-0.9528967627979579,0.3032948391403527,-0.9900512182842182,0.14070744533938317,-0.9753926876167331,-0.22047472631529919,-0.7776660879615599,-0.6286775450376475,-0.7071067811865475,-0.7071067811865475,-0.8746424812468178,-0.4847685323929452,-0.095566671418928,-0.9954230313358771,0.39116811147369657,-0.9203192427446586,0.3826834323650898,-0.9238795325112867,0.5371752668677497,-0.8434706471867068,0.7071067811865476,-0.7071067811865476,0.5389535334972084,-0.8423354965397537,0.969549141082863,-0.24489684159964695,0.5989762757425342,0.8007667707251617,0.8608795637621132,0.5088087820554532,0.9803556451177631,0.1972379504196253,0.9351461282843394,0.3542622175095866,0.9451485999528086,0.3266406649626554,0.37907169101884985,0.9253673071100521,-0.5811511507687465,0.8137956377126642,-0.7559264865251819,0.6546565106754029
0.9964878398282173,0.08373759654117861,0.727881853341886,0.6857025649475005,0.40377748852394996,0.9148572237028527,-0.024873155598395025,0.9996906152058135,-0.31622776601683794,0.9486832980505138,-0.7214392665621975,0.692477714198947,-0.9930563950847784,-0.11763926292366989,-0.9553725789092887,-0.29540351295848694,-0.5654098987944172,-0.8248100668307141,0.7036881932069141,-0.7105089209441277,0.545818720675216,-0.8379032904580758,0.5304312423778353,-0.8477279617362555
-0.37787372991741647,0.9258571402966547,-0.9438044169120924,0.3305044971210306,-0.7060501629465081,-0.7081618228930514,0.5923652586786796,-0.8056695354241347,0.9920777664051137,-0.125625257829151,0.7308167545404822,0.6825737112451054
-0.43946495228556953,0.8982597373324945,-0.7024397640117316,0.7117431966202015,-0.8803749733557654,0.4742783004616964,-0.9969153520770614,-0.07848427099150906,-0.39944342081396733,-0.9167578489265504,0.0458796566345731,-0.9989469741217968,0.3143575730086817,-0.94930464883097,0.5482395472778402,-0.8363213490044296,0.977485084341938,-0.21100452575486225,0.8629168483357028,0.5053459338496529,0.404553584833757,0.9145142956773045,-0.3605966767761845,0.932721843154738
0.35296096618206313,0.935638047725628,0.005037591605056512,0.9999873112549083,-0.7229825934691132,0.6908662457673519,-0.9856445438348679,0.16883374428281583,-0.9628599471404028,0.2700013373907261,-0.9065556448295194,-0.42208632153593195,-0.6856347096770861,-0.727945770566749,-0.23492238183672923,-0.9720141328767592,0.7443203421939751,-0.6678227520804033,0.9781947136613831,0.20768991830352437,0.8561253648213277,0.5167681875943494,0.8430006753250385,0.5379125034813087
-0.9991819274072855,0.04044101807153317,-0.9988794806686635,-0.04732634677535545,-0.9402715776831118,-0.3404252637530183,-0.6496296739400799,-0.760250805153474,-0.6737786841795087,-0.738933207228725,-0.328755713424647,-0.9444149939992754,-0.21842283975873125,-0.9758542222441483,-0.5668066589633421,-0.8238508429047176,0.21688624756068964,-0.9761968836351831,0.7937668379886239,-0.6082221690382074,0.9819147826280412,-0.18932342606377692,0.9999966787725406,0.002577293908006626,0.6326727867481137,-0.7744192307196249,0.6142184629688083,-0.7891360337408466,0.9282410164236538,0.37197932123813315,0.03327793671031186,0.9994461360815321,0.5104644303570165,0.8598988692516619,0.816149328639066,0.5778410450651648,0.2921759507632702,0.9563645820478607,-0.4297716689740811,0.9029376016908549,-0.1777748637294562,0.9840711853448272,-0.3202544058275677,0.9473315763490793,-0.8534649040800177,0.5211503214080234,-0.8649100931185951,0.5019268181932334
0.33125726225088875,-0.9435404740688372,0.42112536977715925,0.9070024382161554,-0.9993199467912798,0.03687335006577996
-0.9887131256140451,0.14982107741738274,-0.9653687235646454,-0.2608893013581952,-0.5633436905109946,-0.8262226614911096,-0.9238795325112868,-0.3826834323650897,-0.6038436979391753,-0.7971027464882693,-0.0325568275034716,-0.999469885981018,-0.2804494073695467,-0.9598688086952665,0.43965347751216255,-0.8981674786538769,0.558189328268647,-0.8297136095105326,0.4593379252901185,-0.8882616002001716,0.9995685001977093,-0.0293736857153139,0.9999872470939227,0.005050311823833955,0.9564836930653887,-0.2917857859800497,0.9349298530255222,-0.3548325942210995,0.9002676408275294,0.435336852194751,-0.10039402881083663,0.9949477569094414,0.33695081443044955,0.941522250748572,0.8545891061684574,0.51930478489823,0.38963588531022947,0.9209689880112758,-0.20653497997341555,0.9784392173494381,-0.4081697811757837,0.9129060355452323,-0.7185990804408121,0.695424590872094,-0.7827209616613163,0.6223727951766401,-0.9947647325000183,0.10219161890373991
-0.32465845495118584,0.9458313209175877,-0.6451723094321503,-0.7640371006318906,0.9935913039828824,-0.11303238761344137
0.19353625272730463,0.9810931244689634,-0.967812891056035,-0.25167083244937066,0.7112869506472377,-0.7029017526219108
-0.9963352130018903,0.08553445698943667,-0.9450009121997943,-0.3270676932097644,-0.40404826680502937,-0.9147376662693255,-0.15453940450963058,-0.9879866256452102,0.08040701142792568,-0.9967621143047269,0.8758689939983498,-0.48254896679230236,0.9934963562778449,0.11386391027294557,0.812102437025004,0.583514894221261,0.5675497762410636,0.8233390865789858,0.13898064602795998,0.990295097448054,-0.43293439520571314,0.9014254319952724,-0.8133863294097152,0.5817238856445472
-0.9767188399177247,-0.2145234433570703,-0.9816083907812101,-0.19090564985856995,-0.9941800863889866,0.10773094183003765,-0.35433478714902666,-0.9351186334450052,-0.4883563146655369,-0.8726443203999527,-0.7126376600969884,-0.7015322981955209,0.32841807987771515,-0.9445324583143953,0.10496920690508134,-0.9944754725993589,-0.21096645263842465,-0.9774933022078256,0.6065087679454838,-0.795076797803364,0.9198152211813869,-0.3923518304825865,0.9576887074256701,0.28780607997286867,0.9803015111707626,-0.19750682822707508,0.8591320798514687,-0.5117539148556558,0.6915789093529722,0.722300915227271,0.7905308403287533,0.6124222321969665,0.5452518709622931,0.838272269141786,0.424841326535292,0.905267831786667,0.4537776450669171,0.8911149470396751,0.197945225835248,0.9802130827371325,0.1279608920652129,0.9917792143929388,-0.8390292194524727,0.544086361623754,-0.7536511197928445,0.6572746683350815,-0.5719679366768052,0.8202759775914921
0.19863839581592463,-0.9800728481636842,0.22566934851305412,-0.9742039545914878,0.8225447040012506,-0.5687004571120855,0.9940289382568177,-0.10911677189150902,0.8208707124785294,0.571114063384007,0.3171631959809586,0.9483709754706456,-0.14884257034449488,0.9888609049068753,-0.5565357368448901,0.8308236717947528,-0.8458707638835689,0.5333878990069306,-0.9999405770685268,-0.010901483012024923,-0.8469796531886631,-0.531625307039095,-0.04643306117533626,-0.9989214037299868
-0.515806300650238,0.8567052353111404,-0.5680430291269586,0.8229988560504015,-0.6170394090762782,0.7869322509891162,-0.7071067811865475,0.7071067811865475,-0.8618709100493623,0.5071277298774777,-0.9238795325112867,-0.3826834323650897,-0.8701999067534788,-0.4926988149835929,-0.9992035024298416,-0.039904394895017514,-0.8567052353111404,-0.5158063006502379,0.12048939428886932,-0.9927146145110897,-0.36634527055449523,-0.9304789856532782,-0.805213820510885,-0.5929845725297281,0.09327429899232897,-0.9956404497344862,0.8236710863540685,-0.5670678455919614,0.9819563867314219,-0.1891075211549513,0.90558942122368,-0.42415539624972365,0.7595087248616273,-0.6504971151812011,0.9997169943850204,0.023789307215243076,0.8816745987679437,0.4718579255320243,0.8308880205100729,0.556439661933666,0.8243115549684079,0.5661364326251804,0.7378201758570191,0.6749973245119697,0.3672387414755586,0.9301267154315307,0.0515179879918109,0.998672066753284
-0.9596308529809783,0.281262557065458,-0.8394285094316656,-0.543470125722962,-0.12353508266242202,-0.9923402054495165,0.9769699672276176,-0.21337685707514725,0.765758006467852,0.6431288172134577,0.06986223768437681,0.9975566488905437
-0.034421443730739305,0.9994074065222308,0.8150216638044884,0.5794304855022419,0.7182780044396274,0.6957562132947334,0.03880101182653389,0.9992469572038922,-0.018857858352969107,0.999822174778265,-0.20759148751784462,0.9782156072717959,-0.40965605156648194,0.9122400558049181,-0.9651910699777025,0.26154578649884175,-0.834262385764239,0.5513676375150793,-0.9817572029709171,0.19013888191193662,-0.9775915813003595,-0.21051057021124273,-0.9009050710147339,0.43401618981316464,-0.8487404397338693,-0.5288096689361478,0.14711494922624796,-0.9891194021523176,-0.48664431846252176,-0.8736001987798239,-0.8112421851755609,-0.584710284663765,-0.11814777066604595,-0.9929960243055574,0.5381798127589514,-0.8428300476007842,0.9264787992472102,-0.37634696032444237,0.7204940710107712,-0.6934610974224333,0.6820108558047664,-0.7313420489514124,0.9145142956773045,0.40455358483375703,0.9997712913494127,0.021386093461118513,0.9506757803757853,0.31018633207620794
-0.8854854365141732,0.46466713002030186,-0.09281053299317857,-0.9956837876381848,0.8748157219895993,0.4844558313817846
0.6952284407902777,-0.7187888529438385,0.9800173941024658,-0.19891180773551953,0.9992542366964828,0.0386130864362023,0.9054262803597855,0.4245035345363372,0.5049113700293366,0.8631711929942393,0.08248053154489327,0.9965926760297167,-0.14718376196296515,0.9891091649633166,-0.985188984601865,0.1714720520059939,-0.9938412856356157,-0.11081290072074972,-0.9819563867314218,-0.18910752115495125,-0.5186837095779235,-0.8549662036703465,-0.18098655346604056,-0.9834855705420816
-0.5795562664860279,0.8149322266156716,-0.9809176951286758,-0.19442344350269702,-0.46525205249567775,-0.8851782462580964,0.6397538119781419,-0.7685798982925824,0.9615733927392479,0.274548011058052,0.45952755221300934,0.8881635146509453
0.5743226268872907,0.8186290492312631,-0.5860198667580645,0.8102966837923381,-0.9908895200286149,-0.1346772404582942,-0.11382026172861323,-0.9935013578350208,0.5378950903145245,-0.843011786285061,0.9127537938616214,-0.408510112226389
0.8847922576525244,0.46598568733186285,0.7052725439142274,0.7089362727359592,0.8708658183856078,0.4915208300444301,0.5961067889759926,0.8029051601134043,-0.0021459079240461884,0.9999976975369401,-0.03584236302833187,0.9993574560749248,0.025133389172822863,0.9996841064799857,-0.5359923070311313,0.8442228656009299,-0.7249878454061001,0.688761659802156,-0.7018887759318152,0.7122865618702475,-0.9905064476883445,-0.13746627618371302,-0.9961706429601823,-0.08743025851670011,-0.9653442134540492,-0.26097997921446636,-0.41785680953170523,-0.9085128984929076,-0.5973535967160035,-0.8019779800533519,-0.5243715794316187,-0.8514895458456254,0.09127771604740785,-0.9958254759510669,-0.11902184009259202,-0.9928916363737654,0.4767305914796395,-0.8790494543240859,0.3149808690246442,-0.949098020305848,0.2431207087696442,-0.9699960417276691,0.6265066021084237,-0.7794161131992059,0.8269265020695281,-0.562310021407279,0.9628324918456782,0.2700992274077099
-0.9190656561551094,-0.39410445274847916,-0.01638683872457757,-0.9998657267436537,0.9034416271197004,-0.4287111223041783,0.8041731746251437,0.594395075024447,-0.4782513576619296,0.8782230006635678,-0.9873170541475393,0.1587609353380894
-0.46183432714421024,0.8869662080774299,-0.6582825889556292,-0.7527709034479708,0.9550726067403618,-0.2963719215009582
-0.9666568675542839,-0.25607518507293847,-0.05827352696383007,-0.998300654139421,0.7366094789200921,-0.6763183241381756,0.9956330261941564,0.09335350636942433,0.2212077963865124,0.975226697141656,-0.7370989134318549,0.6757848709593749
0.9249363058880152,0.38012212517851673,-0.6280842120673027,0.7781453736621428,-0.20063216288110716,-0.9796666449449266
-0.5182499016275284,0.8552292321144415,-0.9993238521681572,-0.036767356279656715,-0.9277552924206882,-0.37318911745307287,-0.9994336587308674,-0.03365058388545226,-0.9688297688238399,-0.247727428922889,-0.8330837293028033,-0.5531469063195903,-0.5579888496585217,-0.8298484461977137,-0.038376519503587295,-0.9992633500488202,-0.36059667677618457,-0.932721843154738,0.32930924106507103,-0.9442221262759876,0.7865917271612352,-0.6174734445800119,0.34149840922535507,-0.9398823524763895,0.22665228353579522,-0.9739757401331973,0.39729447254576056,-0.9176911801279262,0.7106333442913781,-0.7035625416274317,0.9138790781331475,0.4059864906009907,0.6099994882849964,0.792401807350313,0.43694476946828203,0.8994883370196136,0.6396118549349783,0.7686980389116629,0.5821237850301668,0.8131001776547292,0.4746544725498775,0.8801722170623189,0.5511790659008222,0.834386982947779,-0.516582440629179,0.8562374565700807,-0.3594455053863982,0.9331660777468911
0.6397725137890335,0.7685643308143182,0.3096821779467951,0.9508401278144132,0.22721766471113705,0.9738439982067033,-0.5753847610048571,0.8178828625196786,-0.5001387540025382,0.8659452793016361,-0.05935498632993272,0.9982369386061475,-0.22294186578224506,0.9748317416259749,-0.9164268573108257,0.40020221788416344,-0.9970722937517547,0.07646463909948654,-0.9816083907812102,0.19090564985856998,-0.9458731990537438,-0.32453642524659215,-0.8038092235098513,-0.5948871592163425,-0.7504759429599498,-0.6608977674636026,-0.40613846605344767,-0.9138115486202573,-0.5282016815948078,-0.8491189454725511,0.13645826873254818,-0.990645820106518,0.7436863002730928,-0.6685287479129968,0.15128414668165424,-0.9884903170809534,0.6984328913880316,-0.715675552347119,0.9596559641256531,-0.2811768669682182,0.44669168348523375,-0.8946879567229726,0.9578711986957481,-0.2871981314513912,0.5873873650600971,0.8093059269323042,0.9065404278042372,0.4221190030743827
-0.694391575384823,-0.7195973457667724,0.343050361879051,-0.9393170120969024,0.9991204488886393,-0.0419324291278707,0.5477946232271771,0.8366128440105346,-0.38357159993171946,0.9235111410945842,-0.982697274228616,0.18521897101444137
-0.6709440414011574,-0.7415079860043869,0.14353028825236291,-0.9896459247398504,-0.5104644303570165,-0.8598988692516619,-0.865850707726477,-0.5003024604472368,-0.2756825130425504,-0.9612487461643546,0.7229825934691133,-0.6908662457673518,0.3376905124392381,-0.9412572006675565,0.6339889056055381,-0.7733421413379022,1.0,0.0,0.8822521926686863,-0.4707770900663021,0.9978861877759673,0.0649858157288732,0.5476266038596183,0.8367228350805186,0.709147463598218,0.7050601923752425,0.9611687978195198,0.27596112425154923,0.376613384817568,0.9263705297429611,0.1577505293596543,0.9874789974914651,-0.028135554759632184,0.9996041169174763,-0.4477143242629644,0.8941766513669194,0.23256478410225645,0.9725809072747988,0.002890137198314615,0.9999958235447661,-0.9740306841420797,0.2264160470234217,-0.9999256698982805,0.012192402489871546,-0.9402715776831116,0.3404252637530183,-0.9988104522462644,0.04876146515038918
0.8607539187984702,-0.5090213072878939,0.684898391900942,-0.7286385885825041,0.22975292054736118,-0.9732489894677302,0.9341416684649869,-0.3569024281753353,0.9695416888070539,-0.24492634334665953,0.9864736386763354,0.16391998107817965,0.9517889448169788,0.30675365445937536,0.8151219684975332,0.5792893719659516,0.26797415328914687,0.9634261015609682,-0.07862719483593798,0.9969040897860894,0.055614367163084565,0.998452323431144,0.3172290131759677,0.9483489617221088,-0.40380425734754555,0.9148454086609372,-0.7703048121470584,0.637675855261186,-0.933961840935295,0.35737274613036013,-0.9977780370551775,0.06662573654614917,-0.8576445676020111,-0.5142429344801536,-0.9644883070931709,-0.264125548708468,-0.9683081987258162,0.24975834776912909,-0.5680430291269585,-0.8229988560504014,-0.2881316667867254,-0.957590801227071,-0.32083658734947523,-0.9471345650001074,0.11019017176325079,-0.9939105221531691,0.08478721951666225,-0.9963990803923062
0.13065790372997818,0.9914275123239661,-0.9083304653210759,-0.4182532316307882,0.8244903831598693,-0.5658759652758648
0.27074960198214865,0.9626498080956065,-0.38903962576243545,0.9212210210294944,-0.9287002420038906,-0.3708313100345157,-0.2144168250259955,-0.9767422511316748,0.5822999715467037,-0.8129740113538121,0.8557523224025032,0.5173857001335871
0.9474126873052996,-0.32001437457237847,0.6488328495582248,0.7609309648937636,-0.6021219842838471,0.7984041057272203,-0.9994485421155919,0.033205596862848526,-0.7218386314943396,-0.6920614062945418,0.2505201172790336,-0.9681113938171058
0.9014451239225079,0.4328933916755192,-0.052910134710743455,0.9985992778111202,-0.9319748226751465,0.36252300602807164,-0.7733421413379022,-0.6339889056055381,0.37889392249760856,-0.9254401090802021,0.9626128725087207,-0.27088089205499405
0.7193112782604929,-0.6946879047221535,0.20217620815385007,0.9793491618705409,-0.971534564154808,-0.23689784856035984
-0.9525984730043386,0.30423042127604916,0.15105156497561079,-0.9885258846982302,0.802457859706506,0.5967087927919728
0.776550272022163,-0.6300552952101145,0.9374177035629281,0.3482069055128088,-0.10067547679517663,0.9949193175187946,-0.8835057154691287,0.46842037822172417,-0.8901227671256606,-0.4557208130473712,0.024245775527489417,-0.9997060279747595
-0.8014059240928634,0.5981208446700916,-0.8943340538502408,-0.4473998213274057,-0.7177357196910187,-0.6963156157085775,-0.5053459338496529,-0.8629168483357028,0.39828074080519144,-0.9172635670861827,0.30398979566239237,-0.9526752878778462,0.8313370343793661,-0.5557685986715338,0.9848333421164306,0.17350299206578967,0.9436283191604178,0.3310069414355005,0.6959760224398104,0.7180650222569406,0.35765374746918943,0.9338542696380657,-0.2701123153030948,0.962828820259137
-0.8836109462011357,0.4682218445924259,-0.10405354843116067,-0.9945716962888518,0.9367336912863116,0.3500428425337694
-0.27014819589531,0.9628187535847592,-0.5407566914212653,-0.8411790538780233,0.9974213169523483,-0.07176849231412966
-0.9930545337805414,0.11765497413161681,-0.3738067427714408,-0.9275066140241837,0.6185031568717263,-0.7857823139646939,0.9978168915606638,0.06604128190923028,0.39508540627204003,0.9186443935227913,-0.44374017359984325,0.8961554878108937
-0.9861506156364398,0.16585223326766185,-0.8044718420395842,-0.5939907872732019,-0.40848575044869756,-0.9127646967758801,-0.5679876517914018,-0.8230370753571733,0.5805210231682381,-0.8142452589114058,0.9446911573454645,-0.3279613044755233,0.9810486616382859,-0.1937615119102042,0.8186123858853616,0.5743463777852837,0.16890322395191007,0.9856326399519503,-0.14253858850979517,0.9897892456405228,-0.5429711422678014,0.8397513552620197,-0.9777324545025358,0.20985530113019973
0.18598527407741414,-0.9825525318405877,0.9373263677123537,-0.34845269462462974,0.7743354663640765,0.6327753041409946,-0.15215264433825798,0.9883570067646992,-0.9412290189435644,0.3377690540865689,-0.7446173638117184,-0.6674915591302162
0.03259400184247498,-0.999468674368483,-0.10438017380388656,-0.9945374700415618,-0.08722511445123823,-0.9961886264202019,0.7254511813770669,-0.6882736254126103,0.5296097604059232,-0.8482414170993896,0.9415897705790626,-0.3367620880397142,0.9590061307696666,-0.28338532274306893,0.9878838396796857,-0.15519510075940218,0.951788944816979,0.3067536544593754,0.7202338719433758,0.6937313382754543,0.7316912906550371,0.6816361604107914,0.6663064438917697,0.7456780289295802,-0.034421443730739326,0.9994074065222309,-0.13273315102540856,0.9911518100769761,-0.9238795325112867,0.3826834323650897,-0.5280036758920283,0.8492420845933777,-0.4152089167559273,0.9097260881421229,-0.7937170381968226,0.6082871552778867,-0.9946835238539112,0.10297906279222813,-0.9999124160571367,0.013234810719447324,-0.9789647747287783,-0.2040293357344292,-0.8500992611004129,-0.5266224893379812,-0.938346073702905,-0.3456973328886735,-0.5562242757097668,-0.831032222667175
-0.6553605405447701,-0.7553161999433526,0.18290042341756907,-0.9831314434569134,0.9739237196438332,-0.22687571116168467,0.8505202954134651,0.5259422279013088,0.010580233652395583,0.9999440277614845,-0.9926798673109597,0.12077533289333427
-0.7816794262262685,-0.6236804266726443,0.4566849565863713,-0.8896284901169162,0.9670678792825819,-0.25451859825932094,0.73770960471793,0.6751181667729846,-0.46082400680948354,0.8874915406628128,-0.9491175991960168,0.31492186792344096
-0.7380459273435133,-0.674750479163708,0.43047476042570165,-0.9026026150175029,0.9881829582734811,-0.15327896456419446,0.9524669216410222,0.3046420246447869,0.9673612399524154,0.25340132485392686,0.5089603374664101,0.8607899714135139,-0.20253487417144483,0.9792750506085393,-0.1715920274698819,0.9851680953567138,-0.7769295568758245,0.6295875345436366,-0.9956940463989625,0.09270040973836363,-0.7861678690893503,-0.6180130108755882,-0.7439357190638394,-0.6682511847359255
-0.07332447090587008,-0.997308137922465,0.8535441358006748,0.5210205449310797,-0.842519139993176,0.5386664076635549
0.9919927653011057,0.12629470927265907,-0.4947547624125167,0.869032637517219,-0.5579172224776802,-0.829896603718072
-0.9300716246683659,0.36737824239705097,-0.979909269395835,-0.19944378594511525,-0.827703484062259,-0.5611656996567036,-0.6081720729597458,-0.7938052214944454,-0.17484844335164554,-0.9845953594535708,0.4525933040137165,-0.8917170521874904,0.87405209259106,-0.48583221325596454,0.9729080545257366,-0.23119238187913194,0.9460562469232247,0.32400243464755407,0.3978389873650871,0.9174552523869064,0.053639275844423163,0.9985603777873854,-0.4246610842897793,0.9053523974065729
-0.44759039463337286,-0.8942386922024462,0.5471934161989748,-0.837006191893761,0.9801555924151973,0.198229701753329,0.6276804020044496,0.7784711381544807,-0.28461649338043665,0.958641461494246,-0.9923649033379341,-0.12333652590815349
-0.2010658722681973,-0.9795777228015288,0.05872202195147029,-0.9982743731749959,-0.5080914722320565,-0.8613031149630549,0.39552527429729073,-0.9184550927465386,0.9043526007208416,-0.4267860981445508,0.9186252358581227,-0.3951299483013259,0.7675754779339987,-0.6409585678297728,0.7820777325938457,-0.6231808888122846,0.8764013090391097,0.4815815045395065,0.7937170381968226,0.6082871552778866,0.932721843154738,0.3605966767761845,0.7992590436531586,0.6009866730125039,0.07148063495404428,0.9974419876998194,0.07390726797756071,0.9972651180804897,0.09915213155171139,0.9950722862228413,-0.6746838098473388,0.7381068735148589,-0.6597957320005307,0.75144500266745,-0.9782156072717959,0.20759148751784456,-0.9931269345869964,-0.11704226500643164,-0.8522472439302461,0.5231392120777218,-0.9997876857342596,0.020605422930223872,-0.8049770274232606,-0.5933059795087281,-0.6181009902339221,-0.7860986998283644,-0.6264273577053385,-0.7794798044326151
0.9509826718461247,0.30924417189076614,0.4976040266512271,0.867404307494772,0.6638073401709402,0.7479036135326407,0.9238795325112867,0.38268343236508967,0.10911677189150898,0.9940289382568177,-0.0872251144512382,0.9961886264202019,-0.40205434088136044,0.9156158075188823,-0.5001905999073534,0.8659153329075089,-0.4507499591956593,0.8926502530583361,-0.8330837293028032,0.5531469063195903,-0.9785587141252119,0.20596806308166232,-0.8988796498404983,-0.4381955900081871,-0.8308880205100729,-0.556439661933666,-0.9417954393612556,-0.33618648158178444,-0.8977047513094276,-0.44059752549972253,-0.798950443552655,-0.6013968645969282,-0.5205974502077826,-0.8538022574561134,-0.06213744155632878,-0.9980676020975903,0.3092441718907662,-0.9509826718461247,0.9522955085494038,-0.3051774310079835,0.7071067811865475,-0.7071067811865475,0.8891676427196102,-0.4575815808579403,0.9816419502822655,-0.1907330108975113,0.8766058099833584,-0.481209158166613
-0.9995634670396983,0.029544464110520797,-0.2155870849771185,-0.9764846177954206,0.5695948377626013,-0.8219256175556252,0.9995139089567776,-0.031176045322371795,0.20377984306989771,0.9790167391614956,-0.5808080156757459,0.8140405695828695
-0.6626904517999924,-0.748893427059633,0.9951723964856084,-0.09814225019374237,-0.5102240425766763,0.8600415259606445
-0.9448545496980715,0.3274902745347637,0.24610829546619784,-0.9692423365199864,0.5909754712602773,0.8066895266263802
0.3922599789351214,0.919854395502798,0.5623363149852668,0.8269086218251632,0.014620538664878481,0.9998931142122887,-0.7005632256503169,0.7135903354631584,-0.9410271362738688,0.33833109345166834,-0.8904145328074088,-0.45515048035277716,-0.7197119031309224,-0.6942728400936233,-0.08380453762813635,-0.9964822123213912,0.41973299840759454,-0.9076476243828164,0.7189188868341335,-0.6950939750516979,0.9055894212236801,-0.42415539624972365,0.9799443305298665,0.19927144567742683
-0.25289599064396706,-0.9674934717692963,0.872341824811881,0.48889645190354725,-0.7958688964823797,0.6054689914536658
0.8396594623384053,0.5431132361723292,-0.8746553041481976,0.4847453959816678,-0.009696422064424441,-0.9999529885945382
0.36499214990661144,0.931010596344934,-0.9998700201375424,0.016122742637349557,0.5588894093221702,-0.8292422011375902
0.9889550238440072,-0.14821592631596386,-0.30927261363158903,0.9509734225820856,-0.6156298921420057,-0.7880354280749199
-0.9974366800839851,0.07155465898904044,-0.5547416281782399,-0.8320226715457671,-0.3259352862732215,-0.9453920822399525,0.0940585352980836,-0.9955666687558294,0.7315780989773796,-0.6817576439590857,0.9665862764871812,-0.25634151069744154,0.9686923127162337,0.2482643818280716,0.8364156270443848,0.5480957022600602,0.48410275904133915,0.8750111534652362,0.0,1.0,-0.6116035504605342,0.7911643931978163,-0.8380273507354691,0.5456282245442321
0.5169128275445942,-0.8560380416312423,0.5128040967082962,0.8585056542616295,-0.9992766370339885,0.03802897156172427
0.9703228028568536,0.24181327146378828,0.3208241822624318,0.9471387670640674,-0.48752178055231576,0.8731108254323157,-0.9988939868924049,-0.04701917640916304,-0.24888613649194805,-0.9685327516724003,0.7043565357252233,-0.7098463711122023
0.7268860605516889,-0.6867580760177825,0.9955748506321548,-0.09397189361060378,0.7451280178851305,0.6669214623646301,-0.45442087898361094,0.8907871040511097,-0.9998166387181725,-0.019149123799676804,-0.37593998967272496,-0.9266440115626233
0.2807026151891336,0.9597947915184689,-0.8609921297475907,0.5086182778004621,-0.940208402827847,-0.34059970530214645,-0.30263314751319054,-0.953107117813239,0.8668303366509884,-0.4986032164572688,0.927892864597238,0.372846928148177
0.9153481929073073,-0.40266324111014506,0.9486832980505139,0.31622776601683794,0.8298484461977137,0.5579888496585216,0.2260648024985718,0.9741122651272192,0.2963323158181572,0.9550848960180702,0.4841822024012399,0.8749671964581786,0.21683321727178495,0.9762086641121185,-0.06771200763417459,0.9977049082880917,-0.8441921083694383,0.5360407486066359,-0.6879336009486627,0.725773629092299,-0.9828147911238809,0.18459438330599962,-0.9860671002921051,-0.16634804994805255,-0.9328041844349652,0.360383619911643,-0.8497255426817956,-0.527225285920666,-0.562573348886341,-0.8267473780562036,-0.35583338468451015,-0.9345494113977952,-0.5791405087772743,-0.8152277418569609,-0.1352937980453887,-0.9908055249192212,0.07307629922473986,-0.9973263530518065,0.3092441718907663,-0.9509826718461247,0.5257311121191337,-0.8506508083520399,0.46410668017692414,-0.8857793119141777,0.9967621143047268,0.08040701142792572,0.9656190435915906,-0.25996127144877157
-0.43084510859835057,-0.9024258930221781,0.9980812385611308,0.06191802025484159,-0.5356631823487125,0.8444317350005565
-0.1473820169949412,0.9890796434395477,-0.8288149935282237,0.5595227488697939,-0.8477953075833637,-0.530323595967245,0.002803705258364344,-0.9999960696106882,0.7745965375211888,-0.6324556933573968,0.8178165099151224,0.575479066613416
0.7071067811865475,-0.7071067811865476,0.2921759507632702,-0.9563645820478607,0.5876106904265296,-0.8091437922251256,0.9912945722167024,-0.13166271717424405,0.8289942851435356,0.5592570743400198,0.9850657239944137,0.1721787426233605,0.5702048053882983,0.8215025745011958,0.4525933040137165,0.8917170521874904,0.6311828353049848,0.7756340815206358,-0.37970123131353145,0.9251091692005804,-0.8423354965397537,0.5389535334972084,-0.28780607997286867,0.95768870742567,-0.6602522387568162,0.7510439276211561,-0.9499273999322475,0.3124706943986268,-0.9145142956773045,0.4045535848337569,-0.9886248184337203,0.1504026873991732,-0.9453116029989764,0.3261686269945436,-0.7376522850319183,-0.6751807953335089,-0.4589406247320441,-0.8884669397172643,-0.702728703597032,-0.7114579180393137,-0.7967175153330951,-0.6043518848828549,-0.2962477230930621,-0.9551111383300774,0.6475877853235034,-0.7619908531601939,0.9506290344445351,-0.3103295649322685
0.9018881176314072,0.4319697018024262,0.5065694173173335,0.8621991796787893,-0.2717326547834602,0.9623727782540052,-0.03200202402855649,0.9994878040566958,0.4495292403317798,0.8932656167606211,-0.08598908413375944,0.9962960791902361,-0.7997160884516297,0.6003783622613538,-0.853526470702554,0.5210494830724257,-0.998758526924799,0.049813701880159704,-0.9991819274072856,0.04044101807153315,-0.9570920264890529,0.28978414868843005,-0.5280660545232742,-0.8492032984275453,-0.7259006823871389,-0.6877995342466336,-0.7582985213970912,-0.6519074723049162,-0.4899250213574802,-0.8717645745543189,-0.41224106556196033,-0.9110748069529413,0.3635832087859793,-0.9315617265049541,0.12066553053414411,-0.9926932203560742,0.729051542915559,-0.684458799178185,0.9999655718513724,0.0082978980445542,0.6674312483518361,-0.7446714233294506,0.9884148219552223,-0.15177661130499076,0.9522955085494037,0.30517743100798356,0.9948510047380592,-0.10134830226340356
-0.8625515868329203,0.505969129544492,-0.7650511234337054,-0.6439695478303497,0.1272452898993832,-0.9918712800552407,0.6851605420339443,-0.7283920864752388,0.9883163584717193,0.15241645441749424,0.13320737098492755,0.9910881879607303
0.9174371759229439,-0.39788067084809897,0.993020938398456,-0.11793818678549327,0.8187044433463352,0.5742151464781884,0.2756825130425505,0.9612487461643546,-0.07088902009067931,0.9974842088126424,-0.7947066772690755,0.6069936549124263,-0.929405564375775,0.3690600180287038,-0.8823285000514896,0.4706340595376503,-0.8318039526166526,-0.5550695311502097,-0.16804164859543713,-0.9857798964968436,0.01524348073285858,-0.9998838113976779,0.5947237959850248,-0.8039301004995165
0.5665886856981232,-0.8240007653144951,0.5815369816075007,-0.8135199684229253,0.7534377485267981,-0.657519246178292,0.9211586532464757,0.38918727567732647,0.7138344045749968,0.700314531367913,0.252932385292751,0.9674839577326951,-0.24835162309588552,0.9686699496245557,-0.8124162290544645,0.5830779285558011,-0.9975584830213556,-0.06983604335965586,-0.9865656132058251,-0.16336551300630844,-0.7919588717146874,-0.610574438960885,-0.23644708297820746,-0.971644367529137
0.36986352018921625,-0.9290860974275964,0.5420432568113103,0.840350586211129,-0.9889065195376696,0.14853920565255796
-0.8274457112381379,0.561545719379653,-0.04088598472718576,-0.999163818526716,0.9295963935855001,0.36857908925064137
0.3873444317660595,-0.9219350796991231,0.9991189572798607,-0.04196795448915771,0.5842619955279739,0.8115651055717402,-0.480897611916935,0.8767767599865937,-0.9900542771471503,-0.14068592076904443,-0.5182168629486891,-0.8552492519468342
0.5932257915850808,0.8050361235362389,-0.33125863097202507,0.9435399935384507,-0.2055862589611654,0.9786389988787247,-0.43859385802643064,0.8986853886102141,-0.9138616574648403,0.40602570240763697,-0.9833114066578258,-0.1819304194922,-0.6955116253861823,-0.7185148425416631,-0.2968756792998067,-0.9549161382238119,0.0,-1.0,0.4443628767496459,-0.8958468807596413,0.9891977568801583,-0.14658716786698361,0.9699960417276691,0.24312070876964426
0.8871274882868765,0.46152445170956846,-0.8366017383008215,0.5478115839155316,0.06968843788342882,-0.9975688054592362
-0.9628147022258571,-0.27016263468091606,0.7692212266563142,-0.6389825541134556,0.19959437845982447,0.979878606811699
-0.8935150095499842,-0.44903332583327477,-0.14574550436950634,-0.9893221153679312,0.3641404642253536,-0.9313440407893014,0.6908662457673519,-0.7229825934691132,0.9693949067357894,-0.24550664918635112,0.8165448432443816,0.5772820099145723,0.45868991040288076,0.8885964022516619,0.3625230060280717,0.9319748226751464,-0.5911296947637222,0.8065765208388778,-0.9231879813316786,0.38434873633815986,-0.9942865269588157,-0.1067440972989902,-0.926084467825242,-0.37731625786975875
-0.42979007589748247,0.902928840308048,-0.623100084357172,-0.7821421129654669,0.9896308012507617,-0.14363452654489206
-0.9843535059136769,0.1762049244358761,0.3469462477349361,-0.9378850149046248,0.7212535134938965,0.6926711840929357
0.08704639245579354,-0.9962042589551763,0.3769200817478426,-0.9262457837826845,0.845626615880283,-0.5337748837430067,0.9576887074256701,0.28780607997286867,0.7020140353071305,0.712163109288735,0.4351456305894481,0.9003600836214983,-0.5578045343608828,0.8299723498083769,-0.6373357539480057,0.7705862292693318,-0.8727707989233581,0.48813024137691297,-0.9219350796991231,-0.38734443176605954,-0.7834632623927515,-0.6214381034993802,-0.24541450027359793,-0.9694182394897778
0.533277479370516,0.8459403820578781,-0.9999359712501977,0.01131606821841604,0.5399538736244328,-0.8416946087257361
0.3319793180370085,0.9432866650152978,-0.695190330017772,0.7188257125686177,-0.9201801768020803,-0.39149513690529075,-0.14818014253243525,-0.988960386142472,0.7258372293180019,-0.6878664961574784,0.9673729049387504,0.2533567895091099
0.7630784043230446,0.6463059251281826,-0.9481406219550691,0.31785116170726013,0.1911090654906815,-0.981568808126704
0.9888007758046861,-0.14924150149355533,0.9155701921188947,0.4021582068084281,0.2943527815726575,0.9556968347653138,-0.39706708396437973,0.9177895896293574,-0.9987225356065155,-0.05053015804143642,-0.9024774631459652,0.43073707585210613,-0.6639430941129677,0.7477831020955868,-0.8727046758447337,-0.48824844982727617,-0.12855000606127454,-0.991703028099464,0.42023365936696816,-0.9074159308360455,0.6415065230403451,-0.7671175795773991,0.911013487976163,-0.41237655695432757
0.06424005542950352,0.9979344744412904,-0.8437531549853139,-0.536731416494627,0.8503896653024027,-0.5261534159794723
0.9927194989284276,-0.12044914465155664,-0.2903457722222206,0.9569218006465744,-0.6940843128223619,-0.7198937190265725
0.4223789255968666,-0.9064193528448279,0.7502513794564568,-0.6611526810228358,0.9921700218404016,0.12489454656315904,0.9680282217274292,-0.2508413082792209,0.9984873573293658,-0.05498179019838658,0.7559264865251819,0.6546565106754029,0.7533635260394922,0.6576042865077321,0.8121934023455419,0.5833882730963766,0.66180256323574,0.7496781758158658,-0.3198817886281114,0.9474574614746988,-0.24129554324491126,0.9704516787610515,-0.4616079546741495,0.8870840412168108,-0.795590660492509,0.6058345491444783,-0.4827043653272768,0.8757833611653003,-0.9934308121675923,0.11443435426495951,-0.983462045276389,-0.1811143437190491,-0.9959167211774358,0.09027671061345573,-0.9959167211774358,0.09027671061345573,-0.6370637334908233,-0.7708111308684724,0.5545422419926092,-0.8321555755060532,-0.31895775533770143,-0.9477689329736099,-0.8553944468676042,-0.5179771619174589,-0.3826834323650898,-0.9238795325112866,0.29454993459385476,-0.9556360897489985
-0.6043054171857262,0.7967527613758144,-0.9954605395577253,-0.0951751762984571,-0.894427190999916,-0.447213595499958,-0.9525401273261102,-0.30441305135220115,-0.6722750854175693,-0.7403014315309676,0.16403674309709623,-0.9864542295079368,0.35583338468451015,-0.9345494113977952,0.5445526158115669,-0.838726682902589,0.9289651995381276,-0.37016706775061275,0.8944271909999159,0.4472135954999579,0.4111903615212115,0.9115494976094581,0.10183216705171609,0.9948015931599383
0.6653479886551358,-0.7465333575886379,0.6339889056055381,-0.7733421413379022,0.8460069436192603,-0.5331718778667884,0.9688297688238399,-0.247727428922889,0.5244721818407556,0.8514275838115638,0.9202600737415388,0.391307291878413,0.8729135676865036,0.4878748849334428,0.584710284663765,0.8112421851755609,0.8909728314865826,0.4540566193249271,-0.1557344134256014,0.9877989635927867,-0.5532947123198241,0.8329855708947924,-0.21991190923380002,0.9755197343863141,-0.1878612343450495,0.9821955796226912,-0.26291109939054014,0.9648200629222308,-0.6679064954053703,0.7442451970925416,-0.9795777228015289,-0.2010658722681974,-0.9926246563834282,-0.12122826213256188,-0.9795777228015288,-0.20106587226819742,-0.6286775450376475,-0.77766608796156,-0.815808713188662,-0.5783218338308347,-0.7825789118992277,-0.6225514008101024,-0.023789307215243086,-0.9997169943850203,0.026039830891967024,-0.9996609061112263,0.37564727843243095,-0.9267627108415118
-0.9748575906821678,-0.22282880848166595,-0.9839535501153103,-0.17842480549373663,-0.481209158166613,-0.8766058099833582,-0.038376519503587336,-0.99926335004882,-0.6411068032392603,-0.7674516706870449,0.0384898915428128,-0.9992589895762871,0.3549439370599755,-0.934887587651245,0.42735265100382036,-0.9040850135247276,0.522645654019121,-0.8525500104597532,0.8039330720877739,-0.5947197790586034,0.9610056957448659,0.2765285749175411,0.9990089352239203,0.044510081361070174,0.9996676220965577,0.025780716278138605,0.4787849745423152,0.8779322002025637,0.644340136422298,0.7647390330009933,0.9764199495066043,0.2158797864681184,0.2149854432498639,0.9766172531706879,-0.18158767186804645,0.9833747594002719,-0.5395677846056872,0.8419421629872866,-0.6511308684688736,0.7589654749242357,-0.29816757734218974,0.9545135388363485,-0.5247706766001168,0.8512436413745805,-0.9840792518058212,0.1777302061139161,-0.9201334139271603,-0.3916050313450391
-0.996752303360426,0.08052853994507259,-0.6349463140111058,-0.7725562622383629,0.32143011067087557,-0.9469333049133443,0.9335502285383906,-0.35844660801285116,0.9341416684649869,0.3569024281753353,-0.09517517629845715,0.9954605395577253
0.5007375966343144,0.8655991331539621,-0.9992645493516127,-0.038345278837405836,0.5609894124875693,-0.8278229756879498
0.986339997832696,0.1647222167025361,0.8792803251941107,0.47630463962315006,0.6463748961301957,0.7630199824727257,-0.16330289460575367,0.9865759801522547,-0.6309646622326432,0.7758115718482462,-0.5983788322794823,0.8012133130944863,-0.9836563031084228,0.18005631717623963,-0.9060965390615126,-0.4230709891977336,-0.6479358962441559,-0.7616948695890516,-0.028653182370124954,-0.9995894132793045,0.11688496708664681,-0.99314545987441,0.7230056020018961,-0.6908421668325375
0.2379817062673467,0.9712696368579028,-0.003616565571693568,0.9999934602053484,-0.28248517196294143,0.9592716651820106,-0.938859142393655,0.34430148234338265,-0.9911518100769761,0.1327331510254086,-0.9724373410230419,-0.23316435787666182,-0.47570342412377103,-0.8796057368372034,-0.031766098210672535,-0.9994953301564093,0.7952896512680303,-0.6062296351927831,0.9675924374276944,-0.25251707869515133,0.9990293231275807,0.04405010251120719,0.7106629021347888,0.7035326854733613
