122,279,135,279,150,287,155,265,161,283,172,282,182,289,207,285,201,306,202,314,196,324,188,335,185,353,168,347,163,363,153,353,142,365,130,350,118,344,119,334,120,325,116,315,126,307,116,293
181,102,251,77,244,149
344,323,325,276,354,239,395,256,422,281,405,329
89,382,85,362,107,353,108,335,130,335,156,338,183,352,186,389,162,412,141,407,126,402,97,416
262,95,271,71,286,45,321,52,335,76,352,85,350,105,346,119,330,124,315,135,294,125,271,116
429,388,412,442,380,453,348,432,338,393,388,359
391,252,407,209,437,192,458,217,462,241,444,258
464,202,427,228,396,197,399,157,438,137,480,169
373,137,456,177,381,214
200,360,192,303,230,288,272,276,300,328,248,359
204,351,286,385,238,416
98,183,132,183,154,218,131,248,96,242,78,213
276,107,316,64,352,79,381,118,329,169,282,154
97,185,165,139,167,203
440,481,366,456,416,423
399,296,383,298,379,291,363,290,376,274,369,264,371,251,379,238,395,237,409,246,417,228,432,228,444,234,449,241,446,258,456,268,444,277,451,290,450,299,444,314,428,304,422,311,411,312,397,331
169,331,159,349,142,353,111,370,102,334,91,309,110,289,126,276,148,260,170,279,196,294,181,316
238,366,195,313,249,307
327,498,305,446,330,409,381,417,386,462,368,508
303,306,345,310,358,328,365,367,316,386,291,344
446,422,451,438,441,454,417,438,409,437,398,436,379,450,375,436,371,419,379,403,349,396,352,379,373,373,385,369,389,363,400,339,411,351,421,356,432,357,443,366,451,373,445,386,456,392,460,409
464,201,472,212,451,223,447,233,446,244,444,254,426,254,419,257,410,250,398,252,392,240,384,235,379,226,380,216,379,204,373,191,381,182,387,172,397,164,414,186,427,169,436,181,449,184,454,192
357,410,351,423,338,425,328,434,317,439,303,423,293,424,286,414,263,414,279,394,275,386,273,377,266,361,289,362,296,354,307,361,314,342,320,355,323,364,337,362,338,371,356,376,362,387,340,394
200,176,210,202,190,224,171,241,148,226,132,215,123,192,116,172,140,153,153,141,167,158,200,147
54,254,51,213,98,197,123,225,110,271,82,273
87,276,131,256,171,280,145,332,109,341,85,315
179,175,200,172,209,165,223,167,234,161,238,183,255,170,269,168,280,181,276,200,275,213,278,223,281,235,271,250,241,231,245,272,226,266,219,248,205,256,207,239,192,241,191,227,183,214,172,196
229,408,166,452,158,364
155,364,138,388,108,378,76,391,73,366,63,336,79,312,97,294,122,304,134,314,151,328,149,343
234,142,226,165,217,187,197,206,172,216,151,182,141,166,146,143,155,131,175,108,196,99,213,131
152,292,177,268,207,285,219,312,224,331,226,360,200,362,176,373,150,367,102,363,129,326,118,302
94,332,77,344,70,332,42,327,45,303,48,287,68,273,84,256,97,281,117,289,128,316,145,341
409,93,409,54,437,47,457,54,473,58,509,73,494,100,483,125,469,137,447,136,429,141,415,118
67,213,144,197,96,304
145,136,204,156,197,201,169,223,123,208,119,167
417,280,344,251,380,193
239,247,229,246,212,249,211,232,205,226,195,220,195,210,197,195,177,173,204,173,211,166,229,171,238,155,252,161,265,160,265,180,272,191,304,192,276,211,282,222,269,230,272,244,261,248,249,263
283,248,276,297,245,319,211,286,203,253,240,224
310,153,234,229,231,158
311,262,352,301,323,355,279,341,261,311,259,271
477,265,394,335,387,232
123,58,125,43,134,42,147,42,155,52,168,54,170,69,180,76,158,85,177,96,167,103,156,107,146,109,140,127,128,118,116,125,109,115,98,109,89,103,100,89,78,77,99,67,102,55,110,55
381,332,376,288,424,247,457,304,465,335,412,368
170,240,196,258,195,284,204,315,177,328,150,330,115,336,108,305,103,287,122,271,114,235,148,252
344,229,317,225,326,248,315,252,310,275,295,255,288,251,280,251,273,238,261,236,255,227,246,210,270,205,265,192,274,182,283,173,297,182,303,182,318,171,332,179,332,188,349,196,339,207,340,216
326,344,267,352,229,314,258,272,299,273,329,307
426,271,433,282,423,293,410,304,422,318,416,333,387,311,388,335,371,354,362,347,351,343,327,341,356,304,334,302,322,291,317,276,347,271,342,249,355,240,373,265,379,259,397,243,412,239,423,255
325,223,312,199,320,174,331,146,359,165,390,164,414,181,414,204,386,215,381,244,360,242,342,238
404,392,396,371,377,353,379,326,389,304,406,272,435,297,459,305,478,328,461,354,443,364,431,389
230,189,230,202,225,213,214,207,207,217,197,214,183,222,173,212,170,202,164,196,154,186,155,176,152,160,169,152,181,147,182,134,195,149,205,136,214,149,234,142,246,143,236,160,247,171,259,181
274,112,309,114,280,142,302,158,290,177,274,176,250,181,231,171,239,149,236,133,243,113,257,102
461,371,415,355,395,298,434,267,478,287,497,330
182,148,202,233,139,201
216,351,185,366,169,336,178,293,205,290,230,325
467,270,456,281,438,277,419,269,408,251,409,226,425,213,446,196,472,198,491,222,505,240,484,255
276,385,201,418,184,351
61,191,132,166,104,243
298,398,282,396,288,384,301,374,288,365,284,353,301,349,295,326,318,349,325,333,333,337,347,333,339,360,368,350,364,362,363,376,373,392,351,393,355,411,338,407,331,415,320,417,314,397,309,394
235,355,234,293,278,342
156,405,108,418,68,391,82,350,117,352,165,357
61,286,44,261,76,246,75,222,98,215,113,217,137,223,135,251,155,278,129,293,112,300,90,294
287,349,217,410,238,322
258,393,223,395,194,370,202,301,260,303,283,354
89,179,107,169,124,170,112,141,127,147,138,156,146,145,162,140,173,144,190,151,185,165,212,178,190,196,169,198,180,216,170,221,163,225,154,241,142,214,135,212,119,220,100,214,105,200,104,189
332,315,329,293,345,290,359,279,374,283,382,304,390,300,414,293,411,310,391,327,412,331,425,344,404,352,402,361,393,361,388,367,378,374,365,381,354,371,343,370,343,353,326,349,346,332,319,323
181,498,142,469,119,395,170,396,203,412,210,458
319,155,319,97,380,125
330,271,347,254,357,260,362,267,356,280,371,288,369,297,343,299,358,319,348,329,333,330,320,337,306,342,301,321,286,324,286,309,292,295,284,285,296,282,275,253,297,258,312,266,319,258,328,257
401,238,391,290,352,298,310,302,290,252,342,216
89,124,87,112,90,95,104,84,90,67,115,67,118,45,137,70,150,60,159,65,174,63,166,79,186,84,196,95,187,110,190,123,183,139,163,134,158,156,141,135,128,150,122,135,111,133,92,135
246,409,244,330,322,343
307,199,343,226,311,265,251,279,243,240,258,182
451,260,449,354,367,280
281,110,295,115,306,121,333,115,334,129,325,143,328,151,325,158,315,164,308,172,312,185,307,193,298,201,285,186,273,191,254,196,256,177,237,176,254,159,240,150,242,138,249,126,252,115,266,113
396,210,383,218,378,207,368,205,377,186,355,187,362,175,353,167,367,158,379,154,382,137,391,144,399,145,414,133,417,154,426,153,429,162,441,166,440,179,446,194,434,197,431,208,414,213,407,215
159,275,77,268,109,193
98,191,100,172,118,173,121,157,143,168,159,140,162,168,179,160,179,186,187,196,204,208,168,214,182,232,183,256,167,255,157,255,144,264,137,242,128,248,112,255,125,225,107,228,104,222,86,208
275,424,284,351,357,421
277,216,260,120,354,151
361,321,314,292,319,246,380,222,409,266,396,309
163,377,100,354,142,289
372,134,377,157,382,177,362,195,338,193,325,187,317,176,303,169,301,151,318,136,329,116,354,113
161,141,170,157,202,180,175,199,153,214,135,224,112,207,105,190,95,165,101,133,122,122,147,123
107,405,203,415,174,490
263,420,295,355,349,428
469,292,498,301,503,334,487,352,474,382,446,369,430,372,418,350,391,335,401,313,415,285,450,289
162,392,134,396,117,418,98,415,61,405,65,379,76,357,84,323,121,323,142,326,149,355,161,371
314,299,232,374,213,287
317,195,302,192,293,185,300,164,295,156,293,141,291,128,302,124,311,115,318,101,329,87,339,109,357,87,367,105,378,116,377,128,396,139,378,155,388,173,377,182,363,190,349,191,338,199,331,186
116,120,117,174,40,154
434,283,368,279,401,197
347,462,335,464,326,471,310,473,307,449,283,465,285,444,280,432,279,420,284,407,280,392,306,398,302,379,316,381,327,375,344,374,347,393,353,400,363,408,377,412,363,424,368,437,360,442,359,457
463,284,446,312,427,325,407,319,388,313,371,288,367,271,386,251,402,234,427,232,432,256,440,267
456,223,450,235,439,245,440,265,430,275,410,265,396,286,383,270,370,257,362,250,352,239,365,227,366,219,353,201,378,196,388,191,391,179,403,168,415,176,417,197,431,190,436,198,452,199,458,209
341,264,313,248,282,249,274,226,266,211,268,184,297,185,309,160,335,156,331,200,349,219,356,246
237,162,212,195,175,205,147,181,170,130,220,121
223,405,210,422,188,437,152,445,141,414,126,390,139,371,162,364,178,350,201,349,220,365,221,385
202,344,216,274,295,325
210,248,217,234,210,207,237,195,260,200,276,204,298,225,282,243,269,251,262,284,235,275,212,278
161,400,174,405,173,421,176,432,163,443,168,458,160,474,148,487,129,480,113,487,99,485,102,457,94,452,73,445,84,429,73,416,92,407,90,393,93,380,104,376,119,381,129,396,138,402,151,395
