137,430,105,427,76,421,85,372,126,356,158,393
346,270,327,255,314,236,342,224,357,206,378,208,394,218,419,233,410,254,415,282,383,292,365,294
132,346,126,339,125,329,129,317,114,306,124,293,121,279,137,279,137,264,153,254,166,259,181,266,192,270,200,278,210,288,229,295,214,312,199,319,200,334,196,342,192,357,180,385,158,376,144,360
422,258,413,278,392,289,370,297,351,289,335,285,329,256,337,239,342,208,375,215,381,242,416,235
250,141,228,124,238,83,292,70,295,115,301,147
382,432,359,428,356,412,327,384,357,363,385,357,401,362,421,369,446,396,438,420,418,442,393,442
110,215,92,216,70,215,70,194,64,177,60,158,88,143,104,117,137,137,151,167,128,187,124,204
376,137,381,128,374,112,390,104,395,97,407,90,421,88,434,84,452,61,458,87,473,95,457,114,462,120,475,127,497,151,467,153,453,153,447,164,438,174,422,170,414,164,397,169,386,154,382,146
140,256,145,339,102,298
170,297,158,286,181,281,187,272,191,252,204,253,218,251,229,246,234,267,247,265,251,273,245,287,250,299,252,309,259,321,238,324,224,319,218,329,210,342,201,340,191,338,179,329,172,319,163,309
191,342,171,266,246,300
200,145,156,96,226,72
260,173,262,153,276,131,299,135,320,124,344,142,346,167,339,189,324,200,307,211,284,204,265,191
319,356,341,345,326,328,331,319,348,325,351,311,364,308,372,318,383,309,398,313,405,325,407,332,393,344,421,353,418,369,404,371,406,389,382,375,380,387,370,382,358,396,345,387,342,371,327,366
410,251,431,250,451,261,454,282,456,308,428,316,402,326,388,315,365,302,363,273,365,251,385,239
246,462,238,451,227,448,222,439,213,434,213,421,221,413,223,405,220,387,229,384,248,396,253,377,269,367,282,379,288,394,288,404,294,409,300,419,294,428,289,440,281,448,277,457,268,462,260,464
349,293,373,239,399,210,454,247,432,283,390,320
393,133,385,133,393,156,377,151,367,155,358,151,346,151,338,142,340,132,316,127,337,113,332,105,326,88,343,86,359,93,361,79,373,73,386,76,393,85,394,94,414,97,416,106,395,118,422,135
108,222,133,175,177,230
173,252,174,282,179,295,169,316,163,329,138,327,118,332,98,320,116,298,105,276,123,260,144,252
81,403,76,360,96,324,148,329,158,364,126,393
462,462,410,467,398,414,427,360,456,393,490,403
460,348,453,358,440,367,439,383,422,379,409,382,396,378,374,386,372,364,358,362,355,343,361,330,356,311,365,302,378,301,383,288,393,289,405,290,417,286,423,309,443,293,449,307,470,311,466,332
295,364,331,337,371,365,367,419,308,442,299,398
255,310,259,246,329,251
215,149,248,115,275,137,290,159,257,192,223,180
211,460,156,477,165,374
304,257,301,242,306,224,313,211,308,200,316,194,320,178,334,180,343,178,350,174,356,189,363,194,376,195,386,199,401,206,406,217,384,224,377,235,367,234,366,246,358,244,351,264,336,263,328,250
296,325,273,312,268,323,257,314,252,311,243,306,221,315,212,305,211,294,210,278,207,269,222,259,225,249,234,245,243,241,255,231,266,247,273,253,294,244,286,264,293,269,312,275,299,291,286,296
170,191,235,174,271,225,244,271,194,277,158,231
298,177,325,185,330,185,336,174,347,156,355,160,363,178,385,167,379,189,382,200,395,215,386,223,373,229,368,240,366,255,352,244,344,256,334,239,325,240,309,246,290,239,310,218,301,209,302,198
286,391,283,413,298,410,307,417,305,428,317,443,306,450,312,465,290,464,281,470,268,458,255,473,241,470,234,465,228,452,224,439,226,427,239,417,233,402,231,386,248,395,254,384,263,388,273,386
301,249,252,187,329,184
321,430,284,442,249,371,287,357,350,352,367,419
212,219,197,272,146,278,139,235,143,193,172,189
388,459,354,489,321,453,321,399,371,389,390,417
416,289,384,374,330,318
48,459,91,415,120,472
328,406,346,446,286,474,255,451,253,404,291,379
57,334,44,298,80,287,86,265,102,269,119,280,142,281,134,303,134,321,122,336,110,345,76,348
296,230,344,163,414,227
280,376,260,289,320,335
277,251,307,198,354,212,379,255,355,286,305,281
147,182,138,156,167,157,182,139,211,129,211,171,226,190,218,218,200,231,183,226,156,226,147,206
157,132,194,149,173,195,140,219,106,173,104,135
403,245,418,259,425,249,433,257,442,267,456,271,447,284,464,291,451,302,455,318,436,314,444,342,427,335,415,339,406,333,410,313,384,333,383,316,371,312,395,298,364,281,386,279,379,261,392,254
243,78,284,50,304,79,299,113,256,143,211,113
73,180,127,179,147,208,142,264,103,271,83,228
356,230,389,221,400,246,397,274,388,290,388,321,368,310,347,312,330,304,326,287,327,265,351,258
180,308,226,387,150,383
377,237,331,253,320,199
229,475,223,448,233,434,242,420,264,413,287,412,297,427,307,449,308,474,292,493,273,492,242,497
166,194,212,189,223,224,195,257,165,273,138,224
364,152,380,170,389,162,406,156,414,174,418,182,422,193,434,200,439,216,413,223,413,233,403,244,395,257,380,239,366,262,354,249,341,239,333,231,338,218,336,203,320,192,336,180,341,166,360,164
135,458,127,469,117,470,113,488,106,499,93,486,83,493,81,478,64,485,61,473,49,464,58,448,63,436,68,431,67,421,75,416,79,402,89,404,104,399,114,413,114,427,134,427,124,441,135,448
171,428,220,376,260,392,291,426,246,482,206,461
192,277,280,296,197,332
130,376,169,312,173,392
227,239,203,238,187,284,171,242,146,233,162,206,172,183,195,172,209,176,224,186,237,207,242,222
306,134,357,199,297,192
351,351,274,345,310,276
389,421,344,391,407,346
324,84,276,128,261,54
45,316,58,288,83,287,108,269,126,288,137,300,132,322,126,343,109,357,88,364,73,359,60,339
140,109,137,179,73,148
139,390,105,426,68,420,36,383,83,338,128,350
416,107,424,149,424,185,370,191,345,147,376,97
360,276,325,260,328,220,343,199,386,214,380,245
412,134,412,146,403,158,394,173,377,162,372,174,360,172,344,183,333,173,329,160,305,154,329,137,324,130,322,113,336,108,343,100,351,101,354,87,365,108,381,86,381,104,403,93,405,107,400,123
265,158,318,196,261,227
329,417,305,395,287,347,340,342,380,346,375,395
410,405,434,399,443,409,461,417,445,430,441,443,440,464,415,456,409,474,392,476,380,461,375,451,349,466,359,442,344,433,346,423,340,412,338,400,364,402,370,392,382,385,388,362,403,375,415,385
191,299,180,314,164,316,149,304,139,311,121,317,108,310,105,296,94,287,112,269,92,252,96,238,118,242,113,221,125,222,133,206,152,211,169,220,189,215,182,237,185,247,223,254,189,272,195,284
262,386,277,346,306,329,327,350,353,373,308,393
314,150,326,175,320,203,296,218,275,218,247,214,250,190,227,171,224,141,257,131,280,130,307,132
345,263,352,289,382,287,374,326,357,351,333,368,314,366,283,353,281,325,284,311,288,277,316,266
234,356,238,445,175,413
221,395,267,321,310,379
200,138,216,178,205,214,167,213,140,173,164,153
423,152,398,154,381,138,350,149,343,128,330,105,353,86,368,69,400,77,428,70,437,91,433,127
215,471,145,483,189,416
163,282,244,264,215,332
157,95,188,87,213,86,234,107,257,128,249,151,229,167,201,175,163,194,170,150,145,132,168,122
433,184,427,113,502,137
397,153,463,109,481,173
289,329,309,330,326,345,332,366,311,384,296,401,277,402,269,379,235,374,244,353,251,336,265,326
128,180,73,155,129,128
428,432,385,429,379,371,411,346,458,364,468,395
242,406,168,392,217,338
380,431,395,454,359,460,333,472,326,451,335,431,316,426,301,388,335,382,359,380,369,394,388,403
101,159,62,90,127,95
312,97,253,140,224,61
246,51,256,53,257,67,253,79,265,90,258,98,252,105,244,114,236,128,224,133,213,114,197,124,196,105,187,102,176,93,186,80,183,70,184,61,178,41,201,53,213,63,216,50,223,44,236,43
176,487,169,462,180,440,188,424,193,392,210,391,232,400,249,406,267,425,267,460,239,481,210,487
188,154,203,154,205,164,221,176,216,187,191,186,215,209,192,203,191,218,179,228,167,209,155,207,148,205,138,204,125,198,119,188,137,175,126,162,140,155,148,145,153,137,163,127,174,137,185,128
133,153,136,145,136,119,158,133,166,127,180,114,192,127,212,125,218,134,235,136,231,158,227,168,230,178,225,192,195,185,196,202,189,215,173,203,159,207,157,194,143,194,130,185,119,179,132,164
334,134,358,97,388,85,407,117,413,147,373,177
377,120,315,87,379,59
302,241,290,269,276,290,256,299,241,285,224,273,205,258,217,238,226,212,249,208,275,211,300,214
451,371,434,365,405,375,394,361,393,334,386,304,402,285,435,281,470,283,464,311,486,336,465,356
